2.164299999999999891e+00 2.650799999999999823e+00
1.861199999999999966e+00 1.193599999999999994e+00
1.887599999999999945e+00 1.625399999999999956e+00
1.961500000000000021e+00 2.105100000000000193e+00
1.619699999999999918e+00 8.133000000000000229e-01
1.998499999999999943e+00 3.238300000000000178e+00
2.114300000000000068e+00 5.056400000000000006e+00
1.560999999999999943e+00 2.241600000000000037e+00
1.834200000000000053e+00 4.228600000000000136e+00
1.252099999999999991e+00 5.533000000000000140e-01
1.619499999999999940e+00 3.305600000000000094e+00
1.429699999999999971e+00 1.925100000000000033e+00
1.353299999999999947e+00 1.453000000000000069e+00
1.672299999999999898e+00 5.292600000000000193e+00
1.231700000000000017e+00 2.609799999999999898e+00
1.223999999999999977e+00 4.730400000000000382e+00
9.685000000000000275e-01 2.894699999999999829e+00
7.922000000000000153e-01 1.371799999999999908e+00
7.109999999999999654e-01 7.251999999999999558e-01
7.580999999999999961e-01 3.256600000000000161e+00
5.300000000000000266e-01 1.699000000000000066e+00
6.606999999999999540e-01 5.201500000000000234e+00
4.969999999999999973e-01 2.238399999999999945e+00
4.627000000000000002e-01 2.824699999999999989e+00
2.987000000000000210e-01 3.299000000000000266e-01
2.431999999999999995e-01 6.389999999999999847e-02
3.851999999999999869e-01 4.085700000000000109e+00
3.508000000000000007e-01 4.734200000000000408e+00
3.063000000000000167e-01 3.399199999999999999e+00
1.491000000000000103e-01 9.724000000000000421e-01
1.365999999999999992e-01 5.405499999999999972e+00
-3.790000000000000313e-02 1.679599999999999982e+00
-3.670000000000000345e-02 4.529899999999999594e+00
-1.039000000000000062e-01 3.880599999999999827e+00
-1.492999999999999883e-01 1.332699999999999996e+00
-2.151000000000000134e-01 2.524300000000000210e+00
-2.248999999999999888e-01 6.526999999999999469e-01
-2.703999999999999737e-01 2.938800000000000079e+00
-3.146999999999999797e-01 5.286400000000000432e+00
-2.735000000000000209e-01 2.257000000000000117e-01
-4.611000000000000099e-01 1.895199999999999996e+00
-6.288000000000000256e-01 9.915000000000000480e-01
-6.792000000000000259e-01 1.533099999999999907e+00
-8.638000000000000123e-01 4.660199999999999676e+00
-8.681999999999999718e-01 5.099700000000000344e+00
-1.041199999999999903e+00 3.311399999999999899e+00
-1.177699999999999969e+00 1.906300000000000106e+00
-1.392500000000000071e+00 4.801499999999999879e+00
-1.406099999999999905e+00 4.431199999999999584e+00
-1.136400000000000077e+00 2.918000000000000038e-01
-1.261100000000000110e+00 1.398300000000000098e+00
-1.509600000000000053e+00 3.055899999999999839e+00
-1.701200000000000045e+00 1.116400000000000059e+00
-2.254999999999999893e+00 4.118599999999999817e+00
-2.420900000000000052e+00 3.681599999999999984e+00
-2.553999999999999826e+00 4.554499999999999993e+00
-2.112400000000000055e+00 1.465999999999999970e+00
-3.800000000000000044e-01 4.963000000000000078e+00
1.075700000000000101e+00 5.084900000000000198e+00
-1.051299999999999901e+00 5.567800000000000082e+00
-8.719999999999999973e-01 2.425399999999999778e+00
-2.252400000000000180e+00 5.520299999999999763e+00
-1.300899999999999945e+00 2.424999999999999822e+00
-5.574999999999999956e-01 5.543099999999999916e+00
8.116999999999999771e-01 4.696799999999999642e+00
3.205999999999999961e-01 5.891099999999999781e+00
-1.221899999999999986e+00 8.547000000000000153e-01
-1.672800000000000065e+00 2.071299999999999919e+00
-2.806000000000000161e-01 5.964500000000000135e+00
-6.766999999999999682e-01 4.036400000000000432e+00
-4.859999999999999876e-01 3.335799999999999876e+00
-1.051199999999999912e+00 4.256800000000000139e+00
-8.587000000000000188e-01 3.096099999999999852e+00
-1.453500000000000014e+00 4.046499999999999986e+00
-4.440000000000000197e-02 2.294099999999999806e+00
