2.254599999999999937e+00 2.712699999999999889e+00
1.839800000000000102e+00 1.203400000000000025e+00
1.864500000000000046e+00 1.563099999999999934e+00
1.921000000000000041e+00 2.064799999999999969e+00
1.502599999999999936e+00 7.116000000000000103e-01
2.001999999999999780e+00 3.272100000000000009e+00
2.001199999999999868e+00 4.959299999999999820e+00
1.555299999999999905e+00 2.237999999999999989e+00
1.812699999999999978e+00 4.185900000000000176e+00
1.079399999999999915e+00 5.443000000000000060e-01
1.644600000000000062e+00 3.333400000000000141e+00
1.431899999999999951e+00 1.937000000000000055e+00
1.388600000000000056e+00 1.481400000000000050e+00
1.678199999999999914e+00 5.287899999999999601e+00
1.153000000000000025e+00 2.341099999999999959e+00
1.248399999999999954e+00 4.658699999999999619e+00
7.940000000000000391e-01 2.526699999999999946e+00
7.334000000000000519e-01 1.268799999999999928e+00
6.179000000000000048e-01 7.409999999999999920e-01
8.308999999999999719e-01 3.618399999999999839e+00
4.955999999999999850e-01 1.581499999999999906e+00
6.875000000000000000e-01 5.175099999999999589e+00
5.445999999999999730e-01 2.091200000000000170e+00
2.313999999999999946e-01 2.558800000000000185e+00
2.661999999999999922e-01 2.079000000000000015e-01
4.652000000000000024e-01 4.042099999999999582e+00
3.089000000000000079e-01 4.732499999999999929e+00
3.497000000000000108e-01 3.359700000000000131e+00
1.082999999999999935e-01 9.368999999999999551e-01
1.370000000000000107e-01 5.404899999999999594e+00
-5.899999999999999863e-03 1.655699999999999950e+00
-9.189999999999999558e-02 4.562899999999999956e+00
-1.450000000000000074e-02 3.674999999999999822e+00
-1.640000000000000069e-01 1.304799999999999960e+00
-1.822999999999999898e-01 2.426899999999999835e+00
-1.567999999999999949e-01 5.252999999999999892e-01
-2.485999999999999877e-01 2.887999999999999901e+00
-3.009000000000000008e-01 5.267599999999999838e+00
-4.828999999999999959e-01 1.762599999999999945e+00
-5.427999999999999492e-01 9.583000000000000407e-01
-6.358000000000000318e-01 1.461300000000000043e+00
-8.733999999999999542e-01 4.694499999999999673e+00
-8.642999999999999572e-01 5.078599999999999781e+00
-1.044200000000000017e+00 3.334900000000000198e+00
-1.297099999999999920e+00 1.891000000000000014e+00
-1.378500000000000059e+00 4.807699999999999640e+00
-1.379499999999999948e+00 4.481900000000000439e+00
-9.112000000000000099e-01 2.200999999999999901e-01
-1.196499999999999897e+00 1.435699999999999976e+00
-1.506599999999999939e+00 2.972500000000000142e+00
-1.620000000000000107e+00 9.524000000000000243e-01
-2.277499999999999858e+00 4.168599999999999639e+00
-2.461800000000000210e+00 3.472799999999999887e+00
-2.591400000000000148e+00 4.545899999999999608e+00
-2.095000000000000195e+00 1.435699999999999976e+00
-3.659000000000000030e-01 4.948299999999999699e+00
1.119099999999999984e+00 5.052299999999999791e+00
-1.133299999999999974e+00 5.504299999999999748e+00
-7.288000000000000034e-01 2.297800000000000065e+00
-2.260299999999999976e+00 5.526699999999999946e+00
-1.298399999999999999e+00 2.384999999999999787e+00
-5.622000000000000330e-01 5.519199999999999662e+00
8.136999999999999789e-01 4.696100000000000385e+00
3.674999999999999933e-01 5.914900000000000269e+00
-1.155100000000000016e+00 8.205000000000000071e-01
-1.697200000000000042e+00 2.073500000000000121e+00
-2.822000000000000064e-01 5.975900000000000212e+00
-7.092000000000000526e-01 4.003400000000000070e+00
-5.044999999999999485e-01 3.294200000000000017e+00
-1.046999999999999931e+00 4.250600000000000378e+00
-7.987999999999999545e-01 3.108699999999999797e+00
-1.441999999999999948e+00 4.026299999999999990e+00
4.340000000000000108e-02 2.159499999999999975e+00
