2.235399999999999832e+00 2.731500000000000039e+00
1.792799999999999949e+00 1.213600000000000012e+00
1.809900000000000064e+00 1.536100000000000021e+00
1.929899999999999949e+00 2.066399999999999793e+00
1.370400000000000063e+00 8.215000000000000080e-01
2.023000000000000131e+00 3.271300000000000097e+00
1.986799999999999899e+00 4.871999999999999886e+00
1.554000000000000048e+00 2.244499999999999940e+00
1.746699999999999919e+00 4.145699999999999719e+00
9.804000000000000492e-01 5.348000000000000531e-01
1.640700000000000047e+00 3.346999999999999975e+00
1.431499999999999995e+00 1.922700000000000076e+00
1.402400000000000091e+00 1.457200000000000051e+00
1.673999999999999932e+00 5.272499999999999964e+00
1.139599999999999946e+00 2.237600000000000033e+00
1.255900000000000016e+00 4.628700000000000259e+00
7.537000000000000366e-01 2.470600000000000129e+00
6.686999999999999611e-01 1.173000000000000043e+00
5.727999999999999758e-01 7.278000000000000025e-01
8.427999999999999936e-01 3.675199999999999800e+00
4.491999999999999882e-01 1.499300000000000077e+00
6.964000000000000190e-01 5.155800000000000161e+00
6.008000000000000007e-01 1.953400000000000025e+00
2.609000000000000208e-01 2.410899999999999821e+00
2.061000000000000054e-01 1.537000000000000033e-01
4.822000000000000175e-01 3.951499999999999790e+00
3.024000000000000021e-01 4.735299999999999621e+00
3.558000000000000052e-01 3.297000000000000153e+00
1.043000000000000038e-01 8.935999999999999499e-01
1.252000000000000057e-01 5.403900000000000148e+00
8.699999999999999400e-03 1.634300000000000086e+00
-1.155999999999999944e-01 4.523600000000000065e+00
-3.459999999999999881e-02 3.549300000000000122e+00
-1.517000000000000015e-01 1.286699999999999955e+00
-1.570999999999999897e-01 2.305699999999999861e+00
-1.885999999999999899e-01 4.319000000000000061e-01
-1.975999999999999979e-01 2.868900000000000006e+00
-2.963999999999999968e-01 5.267000000000000348e+00
-5.230000000000000204e-01 1.747500000000000053e+00
-5.046000000000000485e-01 9.145999999999999686e-01
-6.010999999999999677e-01 1.410900000000000043e+00
-8.780999999999999917e-01 4.697499999999999787e+00
-8.532999999999999474e-01 5.072499999999999787e+00
-1.047400000000000109e+00 3.317099999999999937e+00
-1.308699999999999974e+00 1.872500000000000053e+00
-1.365899999999999892e+00 4.784200000000000230e+00
-1.329299999999999926e+00 4.439400000000000013e+00
-8.004999999999999893e-01 2.489999999999999991e-01
-1.152199999999999891e+00 1.372100000000000097e+00
-1.362200000000000077e+00 2.847100000000000186e+00
-1.572100000000000053e+00 9.092999999999999972e-01
-2.286300000000000221e+00 4.124600000000000044e+00
-2.440199999999999925e+00 3.349400000000000155e+00
-2.600999999999999979e+00 4.534399999999999764e+00
-2.037500000000000089e+00 1.410199999999999898e+00
-3.775999999999999912e-01 4.916900000000000048e+00
1.123199999999999976e+00 5.012400000000000411e+00
-1.104899999999999993e+00 5.471799999999999997e+00
-7.118999999999999773e-01 2.201499999999999790e+00
-2.262199999999999989e+00 5.526099999999999568e+00
-1.283199999999999896e+00 2.332300000000000040e+00
-5.556999999999999718e-01 5.518399999999999750e+00
8.169999999999999485e-01 4.694399999999999906e+00
3.705999999999999850e-01 5.915600000000000414e+00
-1.076200000000000045e+00 8.145000000000000018e-01
-1.701699999999999990e+00 2.070699999999999985e+00
-2.842999999999999972e-01 5.976200000000000401e+00
-7.144000000000000350e-01 3.950699999999999878e+00
-4.858000000000000096e-01 3.259900000000000020e+00
-1.052999999999999936e+00 4.228299999999999947e+00
-8.114999999999999991e-01 3.071299999999999919e+00
-1.457300000000000040e+00 3.940999999999999837e+00
3.570000000000000256e-02 2.091699999999999893e+00
