2.262900000000000134e+00 2.677200000000000024e+00
1.852899999999999991e+00 1.192299999999999915e+00
1.891199999999999992e+00 1.623899999999999899e+00
1.929499999999999993e+00 2.081399999999999917e+00
1.595299999999999940e+00 6.964000000000000190e-01
2.008700000000000152e+00 3.246700000000000141e+00
2.075400000000000134e+00 5.035000000000000142e+00
1.555299999999999905e+00 2.236699999999999910e+00
1.836999999999999966e+00 4.220699999999999896e+00
1.190399999999999903e+00 5.362999999999999989e-01
1.643599999999999950e+00 3.316300000000000026e+00
1.433000000000000052e+00 1.935200000000000031e+00
1.358700000000000019e+00 1.473300000000000054e+00
1.679499999999999993e+00 5.294299999999999784e+00
1.166900000000000048e+00 2.535000000000000142e+00
1.237999999999999989e+00 4.694399999999999906e+00
9.063999999999999835e-01 2.662300000000000111e+00
7.930000000000000382e-01 1.360400000000000054e+00
6.734999999999999876e-01 7.298000000000000043e-01
8.086999999999999744e-01 3.458000000000000185e+00
5.260000000000000231e-01 1.667100000000000026e+00
6.691000000000000281e-01 5.196600000000000108e+00
4.912000000000000255e-01 2.212600000000000122e+00
3.078000000000000180e-01 2.711699999999999999e+00
3.038000000000000145e-01 2.631000000000000005e-01
4.148000000000000020e-01 4.095699999999999896e+00
3.192999999999999727e-01 4.735100000000000087e+00
3.696999999999999731e-01 3.395799999999999930e+00
1.300999999999999934e-01 9.625000000000000222e-01
1.406000000000000028e-01 5.402599999999999625e+00
-2.060000000000000026e-02 1.669999999999999929e+00
-5.689999999999999919e-02 4.559000000000000163e+00
-6.279999999999999472e-02 3.813099999999999934e+00
-1.539000000000000090e-01 1.320500000000000007e+00
-1.976999999999999869e-01 2.533300000000000107e+00
-1.774999999999999911e-01 6.075000000000000400e-01
-2.846000000000000196e-01 2.919700000000000184e+00
-3.125000000000000000e-01 5.271499999999999631e+00
-1.481000000000000094e-01 1.160999999999999949e-01
-4.641000000000000125e-01 1.821199999999999930e+00
-5.898999999999999799e-01 9.707999999999999963e-01
-6.578000000000000513e-01 1.509900000000000020e+00
-8.743999999999999551e-01 4.687000000000000277e+00
-8.642999999999999572e-01 5.091199999999999726e+00
-1.043299999999999894e+00 3.317000000000000171e+00
-1.247100000000000097e+00 1.888600000000000056e+00
-1.393799999999999928e+00 4.804400000000000226e+00
-1.392099999999999893e+00 4.458599999999999675e+00
-1.024799999999999933e+00 2.421000000000000096e-01
-1.253800000000000026e+00 1.443300000000000027e+00
-1.541400000000000103e+00 3.061199999999999921e+00
-1.652800000000000047e+00 1.017900000000000027e+00
-2.269400000000000084e+00 4.183699999999999974e+00
-2.443099999999999827e+00 3.577100000000000168e+00
-2.573199999999999932e+00 4.556400000000000006e+00
-2.113799999999999901e+00 1.459600000000000009e+00
-3.739999999999999991e-01 4.961899999999999977e+00
1.092700000000000005e+00 5.077899999999999636e+00
-1.120600000000000041e+00 5.563600000000000101e+00
-7.848000000000000531e-01 2.385699999999999932e+00
-2.256699999999999928e+00 5.525000000000000355e+00
-1.292799999999999949e+00 2.429100000000000037e+00
-5.606999999999999762e-01 5.526500000000000412e+00
8.124000000000000110e-01 4.696699999999999875e+00
3.536000000000000254e-01 5.907099999999999795e+00
-1.210199999999999942e+00 8.342000000000000526e-01
-1.682900000000000063e+00 2.075800000000000090e+00
-2.785000000000000253e-01 5.972699999999999676e+00
-6.846999999999999753e-01 4.032499999999999751e+00
-5.023999999999999577e-01 3.310299999999999798e+00
-1.052200000000000024e+00 4.261499999999999844e+00
-8.217999999999999750e-01 3.103600000000000136e+00
-1.453600000000000003e+00 4.051099999999999923e+00
-1.039999999999999952e-02 2.231399999999999828e+00
