2.223700000000000010e+00 2.740699999999999914e+00
1.757100000000000106e+00 1.206399999999999917e+00
1.767300000000000093e+00 1.539199999999999902e+00
1.933000000000000052e+00 2.061700000000000088e+00
1.297900000000000054e+00 8.606000000000000316e-01
2.039499999999999869e+00 3.260400000000000187e+00
1.997100000000000097e+00 4.822700000000000209e+00
1.554499999999999993e+00 2.245600000000000041e+00
1.700299999999999923e+00 4.125200000000000422e+00
9.314999999999999947e-01 5.163999999999999702e-01
1.631299999999999972e+00 3.344199999999999839e+00
1.425300000000000011e+00 1.904900000000000038e+00
1.395999999999999908e+00 1.429899999999999949e+00
1.671100000000000030e+00 5.256700000000000372e+00
1.115099999999999980e+00 2.204600000000000115e+00
1.261200000000000099e+00 4.609899999999999665e+00
7.378000000000000114e-01 2.441699999999999982e+00
6.378000000000000336e-01 1.129399999999999959e+00
5.538999999999999480e-01 7.072000000000000508e-01
8.470999999999999641e-01 3.676499999999999879e+00
4.259000000000000008e-01 1.455799999999999983e+00
6.989999999999999547e-01 5.145199999999999996e+00
6.065000000000000391e-01 1.894099999999999895e+00
2.908000000000000029e-01 2.328699999999999992e+00
1.806000000000000105e-01 1.262000000000000066e-01
4.686000000000000165e-01 3.888799999999999812e+00
3.008000000000000118e-01 4.730400000000000382e+00
3.783000000000000251e-01 3.249400000000000066e+00
1.018000000000000016e-01 8.728000000000000203e-01
1.164000000000000035e-01 5.400100000000000122e+00
1.290000000000000001e-02 1.617599999999999927e+00
-1.102000000000000063e-01 4.482499999999999929e+00
-4.449999999999999789e-02 3.492799999999999905e+00
-1.330000000000000071e-01 1.270000000000000018e+00
-1.593999999999999861e-01 2.242500000000000160e+00
-2.073000000000000120e-01 3.834000000000000186e-01
-1.670999999999999985e-01 2.850600000000000023e+00
-2.972000000000000197e-01 5.260799999999999699e+00
-5.528999999999999471e-01 1.733200000000000074e+00
-4.918000000000000149e-01 8.809000000000000163e-01
-5.756000000000000005e-01 1.391100000000000003e+00
-8.751999999999999780e-01 4.698199999999999932e+00
-8.491999999999999549e-01 5.068599999999999994e+00
-1.038899999999999935e+00 3.298399999999999999e+00
-1.305800000000000072e+00 1.854700000000000015e+00
-1.380500000000000060e+00 4.760500000000000398e+00
-1.305800000000000072e+00 4.419200000000000017e+00
-7.369999999999999885e-01 2.772000000000000020e-01
-1.138600000000000056e+00 1.316899999999999959e+00
-1.269900000000000029e+00 2.779399999999999871e+00
-1.531600000000000072e+00 8.902999999999999803e-01
-2.286999999999999922e+00 4.087699999999999889e+00
-2.410699999999999843e+00 3.276199999999999779e+00
-2.604200000000000070e+00 4.524600000000000399e+00
-1.996599999999999930e+00 1.403599999999999959e+00
-3.919000000000000261e-01 4.895999999999999908e+00
1.114000000000000101e+00 4.980500000000000149e+00
-1.099299999999999944e+00 5.454399999999999693e+00
-7.089999999999999636e-01 2.152899999999999814e+00
-2.263199999999999878e+00 5.524499999999999744e+00
-1.254999999999999893e+00 2.306999999999999940e+00
-5.545999999999999819e-01 5.515500000000000291e+00
8.206999999999999851e-01 4.690500000000000114e+00
3.704000000000000070e-01 5.916199999999999903e+00
-1.032399999999999984e+00 8.073000000000000176e-01
-1.703000000000000069e+00 2.066699999999999982e+00
-2.838999999999999857e-01 5.977000000000000313e+00
-7.050999999999999490e-01 3.920900000000000052e+00
-4.667000000000000037e-01 3.233299999999999841e+00
-1.059700000000000086e+00 4.206599999999999895e+00
-8.237999999999999767e-01 3.038199999999999790e+00
-1.480099999999999971e+00 3.870400000000000063e+00
3.300000000000000155e-02 2.054699999999999971e+00
