2.158300000000000107e+00 2.655100000000000016e+00
1.861799999999999899e+00 1.193699999999999983e+00
1.885899999999999910e+00 1.625000000000000000e+00
1.962699999999999889e+00 2.104400000000000048e+00
1.619899999999999896e+00 8.175000000000000044e-01
1.994099999999999984e+00 3.242799999999999905e+00
2.115400000000000169e+00 5.056300000000000239e+00
1.561299999999999910e+00 2.242599999999999927e+00
1.832999999999999963e+00 4.227899999999999991e+00
1.253900000000000015e+00 5.564999999999999947e-01
1.617099999999999982e+00 3.304899999999999949e+00
1.428700000000000081e+00 1.924199999999999910e+00
1.353799999999999892e+00 1.454499999999999904e+00
1.669699999999999962e+00 5.293599999999999639e+00
1.235500000000000043e+00 2.609199999999999964e+00
1.224699999999999900e+00 4.731700000000000017e+00
9.673000000000000487e-01 2.906699999999999839e+00
7.893000000000000016e-01 1.369399999999999951e+00
7.124000000000000332e-01 7.254000000000000448e-01
7.587000000000000410e-01 3.269899999999999807e+00
5.303999999999999826e-01 1.699799999999999978e+00
6.619000000000000439e-01 5.201900000000000190e+00
4.975999999999999868e-01 2.239100000000000090e+00
4.667000000000000037e-01 2.825600000000000112e+00
2.983999999999999986e-01 3.337999999999999856e-01
2.487000000000000044e-01 6.890000000000000291e-02
3.921999999999999931e-01 4.083499999999999908e+00
3.524999999999999800e-01 4.732899999999999885e+00
2.968000000000000083e-01 3.401199999999999779e+00
1.491999999999999993e-01 9.724000000000000421e-01
1.366999999999999882e-01 5.406200000000000117e+00
-3.880000000000000115e-02 1.680299999999999905e+00
-3.860000000000000236e-02 4.524600000000000399e+00
-1.050999999999999990e-01 3.883599999999999941e+00
-1.501000000000000112e-01 1.333700000000000108e+00
-2.167999999999999927e-01 2.524799999999999933e+00
-2.260999999999999954e-01 6.542000000000000037e-01
-2.671000000000000041e-01 2.938299999999999912e+00
-3.140999999999999903e-01 5.286200000000000010e+00
-2.827000000000000068e-01 2.301999999999999880e-01
-4.612999999999999878e-01 1.897999999999999909e+00
-6.299000000000000155e-01 9.932999999999999607e-01
-6.802000000000000268e-01 1.533800000000000052e+00
-8.596000000000000307e-01 4.662300000000000111e+00
-8.681999999999999718e-01 5.099599999999999689e+00
-1.040399999999999991e+00 3.312399999999999789e+00
-1.171200000000000019e+00 1.908800000000000052e+00
-1.393100000000000005e+00 4.800200000000000244e+00
-1.407499999999999973e+00 4.426899999999999835e+00
-1.140600000000000058e+00 2.918999999999999928e-01
-1.257800000000000029e+00 1.392800000000000038e+00
-1.507900000000000018e+00 3.056599999999999984e+00
-1.703600000000000003e+00 1.120999999999999996e+00
-2.255500000000000060e+00 4.110999999999999766e+00
-2.417499999999999982e+00 3.685799999999999965e+00
-2.553999999999999826e+00 4.554299999999999571e+00
-2.112600000000000033e+00 1.465999999999999970e+00
-3.803000000000000269e-01 4.963199999999999612e+00
1.075499999999999901e+00 5.084900000000000198e+00
-1.048999999999999932e+00 5.566399999999999793e+00
-8.762999999999999678e-01 2.426899999999999835e+00
-2.252200000000000202e+00 5.519999999999999574e+00
-1.303399999999999892e+00 2.421800000000000175e+00
-5.574000000000000066e-01 5.544200000000000017e+00
8.116999999999999771e-01 4.696900000000000297e+00
3.161999999999999811e-01 5.890699999999999825e+00
-1.222099999999999964e+00 8.548999999999999932e-01
-1.672299999999999898e+00 2.070899999999999963e+00
-2.807000000000000051e-01 5.963400000000000034e+00
-6.771000000000000352e-01 4.036900000000000155e+00
-4.858999999999999986e-01 3.337600000000000122e+00
-1.051099999999999923e+00 4.256999999999999673e+00
-8.600999999999999757e-01 3.096600000000000019e+00
-1.450900000000000079e+00 4.046400000000000219e+00
-4.150000000000000216e-02 2.297299999999999898e+00
