2.172299999999999898e+00 2.647699999999999942e+00
1.860700000000000021e+00 1.193200000000000038e+00
1.889699999999999935e+00 1.626700000000000035e+00
1.962599999999999900e+00 2.103699999999999903e+00
1.618700000000000028e+00 8.077999999999999625e-01
2.002200000000000202e+00 3.233099999999999863e+00
2.113700000000000134e+00 5.057000000000000384e+00
1.560899999999999954e+00 2.240899999999999892e+00
1.834799999999999986e+00 4.228299999999999947e+00
1.249900000000000011e+00 5.499000000000000554e-01
1.621399999999999952e+00 3.305699999999999861e+00
1.432099999999999929e+00 1.924900000000000055e+00
1.352700000000000014e+00 1.452499999999999902e+00
1.672600000000000087e+00 5.292500000000000426e+00
1.225200000000000067e+00 2.611699999999999910e+00
1.225500000000000034e+00 4.726300000000000168e+00
9.716000000000000192e-01 2.882200000000000095e+00
7.947999999999999510e-01 1.372999999999999998e+00
7.099999999999999645e-01 7.251999999999999558e-01
7.596000000000000529e-01 3.253099999999999881e+00
5.300000000000000266e-01 1.697999999999999954e+00
6.602000000000000091e-01 5.201399999999999579e+00
4.964999999999999969e-01 2.237800000000000011e+00
4.580000000000000182e-01 2.822499999999999787e+00
3.002000000000000224e-01 3.256000000000000005e-01
2.363999999999999990e-01 5.790000000000000008e-02
3.849000000000000199e-01 4.085300000000000153e+00
3.493999999999999884e-01 4.735299999999999621e+00
3.155999999999999917e-01 3.398800000000000043e+00
1.489000000000000046e-01 9.720999999999999641e-01
1.365999999999999992e-01 5.405300000000000438e+00
-3.690000000000000224e-02 1.678700000000000081e+00
-3.749999999999999861e-02 4.534299999999999997e+00
-1.019999999999999934e-01 3.878499999999999837e+00
-1.492999999999999883e-01 1.332500000000000018e+00
-2.142999999999999905e-01 2.521700000000000053e+00
-2.235000000000000042e-01 6.510000000000000231e-01
-2.735000000000000209e-01 2.939599999999999991e+00
-3.138000000000000234e-01 5.285499999999999865e+00
-2.640000000000000124e-01 2.207999999999999963e-01
-4.607999999999999874e-01 1.891899999999999915e+00
-6.270000000000000018e-01 9.901999999999999691e-01
-6.784000000000000030e-01 1.531900000000000039e+00
-8.659000000000000030e-01 4.661299999999999777e+00
-8.678000000000000158e-01 5.100399999999999601e+00
-1.041800000000000059e+00 3.310900000000000176e+00
-1.183000000000000052e+00 1.902099999999999902e+00
-1.391699999999999937e+00 4.802599999999999980e+00
-1.404600000000000071e+00 4.433600000000000207e+00
-1.129599999999999937e+00 2.902000000000000135e-01
-1.264399999999999968e+00 1.403000000000000025e+00
-1.511700000000000044e+00 3.056400000000000006e+00
-1.699100000000000055e+00 1.111199999999999966e+00
-2.255300000000000082e+00 4.126100000000000101e+00
-2.420500000000000096e+00 3.681400000000000006e+00
-2.553700000000000081e+00 4.554800000000000182e+00
-2.111099999999999977e+00 1.465899999999999981e+00
-3.798000000000000265e-01 4.962399999999999700e+00
1.076100000000000056e+00 5.084900000000000198e+00
-1.054200000000000026e+00 5.569600000000000328e+00
-8.669000000000000039e-01 2.423999999999999932e+00
-2.252699999999999925e+00 5.520699999999999719e+00
-1.298300000000000010e+00 2.428500000000000103e+00
-5.574000000000000066e-01 5.541800000000000281e+00
8.115999999999999881e-01 4.696799999999999642e+00
3.246999999999999886e-01 5.891700000000000159e+00
-1.221700000000000008e+00 8.545000000000000373e-01
-1.673200000000000021e+00 2.071899999999999853e+00
-2.803999999999999826e-01 5.965499999999999581e+00
-6.763000000000000123e-01 4.036100000000000243e+00
-4.873999999999999999e-01 3.333600000000000119e+00
-1.051800000000000068e+00 4.257299999999999862e+00
-8.568000000000000060e-01 3.095899999999999874e+00
-1.455300000000000038e+00 4.046400000000000219e+00
-4.680000000000000132e-02 2.290299999999999780e+00
