2.262799999999999923e+00 2.671800000000000175e+00
1.854600000000000026e+00 1.191899999999999959e+00
1.893299999999999983e+00 1.625999999999999890e+00
1.934099999999999930e+00 2.084099999999999842e+00
1.599499999999999922e+00 7.053000000000000380e-01
2.011400000000000077e+00 3.243500000000000050e+00
2.082599999999999785e+00 5.041900000000000048e+00
1.556200000000000028e+00 2.237000000000000099e+00
1.837699999999999889e+00 4.222999999999999865e+00
1.200199999999999934e+00 5.363999999999999879e-01
1.642600000000000060e+00 3.314999999999999947e+00
1.433100000000000041e+00 1.934600000000000097e+00
1.356899999999999995e+00 1.467500000000000027e+00
1.679499999999999993e+00 5.294200000000000017e+00
1.171599999999999975e+00 2.554899999999999949e+00
1.236900000000000110e+00 4.699399999999999800e+00
9.221000000000000307e-01 2.687300000000000022e+00
7.963999999999999968e-01 1.365599999999999925e+00
6.793000000000000149e-01 7.288999999999999924e-01
8.051000000000000378e-01 3.430299999999999905e+00
5.271000000000000130e-01 1.673100000000000032e+00
6.672000000000000153e-01 5.198800000000000310e+00
4.898000000000000131e-01 2.218199999999999950e+00
3.256000000000000005e-01 2.727700000000000014e+00
3.043000000000000149e-01 2.691000000000000059e-01
4.104999999999999760e-01 4.096300000000000274e+00
3.205999999999999961e-01 4.736299999999999955e+00
3.690999999999999837e-01 3.397600000000000176e+00
1.323000000000000009e-01 9.647999999999999909e-01
1.406000000000000028e-01 5.402700000000000280e+00
-2.230000000000000038e-02 1.670900000000000052e+00
-5.439999999999999697e-02 4.556499999999999773e+00
-7.059999999999999609e-02 3.824899999999999967e+00
-1.532000000000000028e-01 1.322200000000000042e+00
-1.990999999999999992e-01 2.535600000000000076e+00
-1.837000000000000022e-01 6.149999999999999911e-01
-2.856000000000000205e-01 2.924700000000000077e+00
-3.130000000000000004e-01 5.272599999999999731e+00
-1.585000000000000020e-01 1.295000000000000040e-01
-4.608999999999999764e-01 1.830200000000000049e+00
-5.950999999999999623e-01 9.719999999999999751e-01
-6.612999999999999989e-01 1.512799999999999923e+00
-8.731999999999999762e-01 4.684999999999999609e+00
-8.641999999999999682e-01 5.091999999999999638e+00
-1.043199999999999905e+00 3.312800000000000189e+00
-1.239800000000000013e+00 1.887999999999999901e+00
-1.396700000000000053e+00 4.803899999999999615e+00
-1.392900000000000027e+00 4.455000000000000071e+00
-1.037800000000000056e+00 2.479000000000000092e-01
-1.258799999999999919e+00 1.440299999999999914e+00
-1.538399999999999990e+00 3.062699999999999978e+00
-1.659299999999999997e+00 1.028200000000000003e+00
-2.267999999999999794e+00 4.181199999999999584e+00
-2.441300000000000026e+00 3.587600000000000122e+00
-2.571400000000000130e+00 4.554800000000000182e+00
-2.113500000000000156e+00 1.460599999999999898e+00
-3.754000000000000115e-01 4.961100000000000065e+00
1.089800000000000102e+00 5.079600000000000115e+00
-1.111900000000000110e+00 5.568699999999999761e+00
-7.945999999999999730e-01 2.392799999999999816e+00
-2.256299999999999972e+00 5.524799999999999933e+00
-1.293900000000000050e+00 2.431599999999999984e+00
-5.604000000000000092e-01 5.527999999999999581e+00
8.122000000000000330e-01 4.696699999999999875e+00
3.513999999999999901e-01 5.905700000000000394e+00
-1.213300000000000045e+00 8.370999999999999552e-01
-1.681300000000000017e+00 2.075200000000000156e+00
-2.782999999999999918e-01 5.971799999999999997e+00
-6.828999999999999515e-01 4.033500000000000085e+00
-5.014999999999999458e-01 3.312300000000000022e+00
-1.053299999999999903e+00 4.262100000000000222e+00
-8.257999999999999785e-01 3.101900000000000102e+00
-1.455799999999999983e+00 4.050900000000000389e+00
-1.779999999999999985e-02 2.238799999999999901e+00
