2.259300000000000086e+00 2.705099999999999838e+00
1.846500000000000030e+00 1.198700000000000099e+00
1.872400000000000064e+00 1.581099999999999950e+00
1.918400000000000105e+00 2.067499999999999893e+00
1.537700000000000067e+00 6.909999999999999476e-01
1.999500000000000055e+00 3.267100000000000115e+00
2.013199999999999878e+00 4.979400000000000048e+00
1.554699999999999971e+00 2.236099999999999977e+00
1.823099999999999943e+00 4.197499999999999787e+00
1.111699999999999910e+00 5.440000000000000391e-01
1.644300000000000095e+00 3.326799999999999979e+00
1.432600000000000096e+00 1.937000000000000055e+00
1.379299999999999971e+00 1.483899999999999997e+00
1.678700000000000081e+00 5.290399999999999991e+00
1.153899999999999926e+00 2.388100000000000112e+00
1.245900000000000007e+00 4.668099999999999916e+00
8.175000000000000044e-01 2.551600000000000090e+00
7.532999999999999696e-01 1.299299999999999899e+00
6.340999999999999970e-01 7.389999999999999902e-01
8.265000000000000124e-01 3.587200000000000166e+00
5.071999999999999842e-01 1.607699999999999907e+00
6.832000000000000295e-01 5.180500000000000327e+00
5.247000000000000552e-01 2.134500000000000064e+00
2.394999999999999907e-01 2.600000000000000089e+00
2.829999999999999738e-01 2.243999999999999884e-01
4.525000000000000133e-01 4.062400000000000233e+00
3.085999999999999854e-01 4.732000000000000206e+00
3.553000000000000047e-01 3.372100000000000097e+00
1.132999999999999979e-01 9.451000000000000512e-01
1.418000000000000094e-01 5.402800000000000047e+00
-1.000000000000000021e-02 1.660199999999999898e+00
-8.100000000000000255e-02 4.564199999999999591e+00
-1.660000000000000017e-02 3.717400000000000038e+00
-1.625000000000000056e-01 1.309500000000000108e+00
-1.910999999999999921e-01 2.468500000000000139e+00
-1.540999999999999870e-01 5.513000000000000123e-01
-2.616999999999999882e-01 2.893499999999999961e+00
-3.044000000000000039e-01 5.268600000000000172e+00
-9.710000000000000575e-02 2.369999999999999885e-02
-4.783999999999999919e-01 1.772399999999999975e+00
-5.536999999999999700e-01 9.626000000000000112e-01
-6.460000000000000187e-01 1.478199999999999958e+00
-8.745000000000000551e-01 4.693200000000000038e+00
-8.649000000000000021e-01 5.081800000000000317e+00
-1.043500000000000094e+00 3.333800000000000097e+00
-1.288200000000000012e+00 1.891100000000000003e+00
-1.383299999999999974e+00 4.806000000000000050e+00
-1.382900000000000018e+00 4.478799999999999670e+00
-9.427999999999999714e-01 2.202999999999999958e-01
-1.213600000000000012e+00 1.443300000000000027e+00
-1.531400000000000095e+00 3.007000000000000117e+00
-1.628500000000000059e+00 9.673000000000000487e-01
-2.276299999999999990e+00 4.177599999999999980e+00
-2.461800000000000210e+00 3.501700000000000035e+00
-2.586100000000000065e+00 4.552100000000000257e+00
-2.106899999999999995e+00 1.443999999999999950e+00
-3.669000000000000039e-01 4.954900000000000304e+00
1.113099999999999978e+00 5.060699999999999754e+00
-1.139399999999999968e+00 5.521200000000000330e+00
-7.392999999999999572e-01 2.324899999999999967e+00
-2.259300000000000086e+00 5.525800000000000267e+00
-1.294999999999999929e+00 2.400100000000000122e+00
-5.632000000000000339e-01 5.519099999999999895e+00
8.131000000000000449e-01 4.696399999999999686e+00
3.649999999999999911e-01 5.913400000000000212e+00
-1.175100000000000033e+00 8.222000000000000419e-01
-1.692499999999999893e+00 2.077799999999999869e+00
-2.807999999999999940e-01 5.975299999999999834e+00
-7.040999999999999481e-01 4.013300000000000090e+00
-5.058000000000000274e-01 3.299399999999999888e+00
-1.047500000000000098e+00 4.255499999999999616e+00
-8.012000000000000233e-01 3.111000000000000210e+00
-1.444499999999999895e+00 4.038800000000000168e+00
3.509999999999999926e-02 2.179499999999999993e+00
