2.255300000000000082e+00 2.664299999999999891e+00
1.856400000000000050e+00 1.191300000000000026e+00
1.894200000000000106e+00 1.626700000000000035e+00
1.943699999999999983e+00 2.090700000000000003e+00
1.604999999999999982e+00 7.300999999999999712e-01
2.012900000000000134e+00 3.236800000000000122e+00
2.094300000000000050e+00 5.049999999999999822e+00
1.556999999999999940e+00 2.237099999999999866e+00
1.838700000000000001e+00 4.227699999999999569e+00
1.217300000000000049e+00 5.370000000000000329e-01
1.640800000000000036e+00 3.311700000000000088e+00
1.433599999999999985e+00 1.932399999999999896e+00
1.354800000000000004e+00 1.458199999999999941e+00
1.679899999999999949e+00 5.293800000000000061e+00
1.182900000000000063e+00 2.584900000000000198e+00
1.235100000000000087e+00 4.705899999999999750e+00
9.504000000000000226e-01 2.738900000000000112e+00
8.013000000000000123e-01 1.372600000000000042e+00
6.883000000000000229e-01 7.277000000000000135e-01
7.970000000000000417e-01 3.374600000000000044e+00
5.283999999999999808e-01 1.681499999999999995e+00
6.653999999999999915e-01 5.199799999999999756e+00
4.899000000000000021e-01 2.226900000000000102e+00
3.634000000000000008e-01 2.760200000000000209e+00
3.039999999999999925e-01 2.813999999999999835e-01
4.017999999999999905e-01 4.095200000000000173e+00
3.275000000000000133e-01 4.738699999999999690e+00
3.642000000000000237e-01 3.399799999999999933e+00
1.371999999999999886e-01 9.677000000000000046e-01
1.408000000000000085e-01 5.402599999999999625e+00
-2.570000000000000062e-02 1.673100000000000032e+00
-4.859999999999999737e-02 4.552699999999999747e+00
-8.229999999999999816e-02 3.843300000000000161e+00
-1.522000000000000020e-01 1.326200000000000045e+00
-2.031999999999999917e-01 2.534800000000000164e+00
-1.968000000000000027e-01 6.284999999999999476e-01
-2.854999999999999760e-01 2.933100000000000041e+00
-3.130999999999999894e-01 5.274600000000000399e+00
-1.831000000000000127e-01 1.560999999999999888e-01
-4.568999999999999728e-01 1.846999999999999975e+00
-6.048000000000000043e-01 9.757000000000000117e-01
-6.677999999999999492e-01 1.517800000000000038e+00
-8.719000000000000083e-01 4.681099999999999817e+00
-8.650999999999999801e-01 5.094100000000000072e+00
-1.044699999999999962e+00 3.310000000000000053e+00
-1.224800000000000111e+00 1.888300000000000090e+00
-1.399000000000000021e+00 4.803899999999999615e+00
-1.393499999999999961e+00 4.449399999999999800e+00
-1.060300000000000020e+00 2.621999999999999886e-01
-1.265200000000000102e+00 1.435200000000000031e+00
-1.530699999999999950e+00 3.063899999999999846e+00
-1.672500000000000098e+00 1.049299999999999899e+00
-2.264299999999999979e+00 4.173600000000000421e+00
-2.433699999999999974e+00 3.609700000000000131e+00
-2.565300000000000136e+00 4.555699999999999861e+00
-2.112200000000000077e+00 1.462399999999999922e+00
-3.790000000000000036e-01 4.958300000000000374e+00
1.084899999999999975e+00 5.082200000000000273e+00
-1.093199999999999950e+00 5.574699999999999989e+00
-8.142000000000000348e-01 2.404500000000000082e+00
-2.255399999999999849e+00 5.524000000000000021e+00
-1.294300000000000006e+00 2.435299999999999798e+00
-5.598999999999999533e-01 5.531799999999999606e+00
8.117999999999999661e-01 4.696699999999999875e+00
3.469999999999999751e-01 5.902499999999999858e+00
-1.217700000000000005e+00 8.430999999999999606e-01
-1.677999999999999936e+00 2.073999999999999844e+00
-2.781000000000000139e-01 5.970399999999999707e+00
-6.803000000000000158e-01 4.035099999999999909e+00
-4.980999999999999872e-01 3.317299999999999915e+00
-1.053199999999999914e+00 4.262299999999999756e+00
-8.338999999999999746e-01 3.099699999999999900e+00
-1.458499999999999908e+00 4.050200000000000244e+00
-3.059999999999999873e-02 2.253000000000000114e+00
