2.184499999999999886e+00 2.648499999999999854e+00
1.860100000000000087e+00 1.192399999999999904e+00
1.892500000000000071e+00 1.627699999999999925e+00
1.961999999999999966e+00 2.103000000000000203e+00
1.617099999999999982e+00 8.007999999999999563e-01
2.004100000000000215e+00 3.231599999999999806e+00
2.111899999999999888e+00 5.057199999999999918e+00
1.560200000000000031e+00 2.239799999999999791e+00
1.835399999999999920e+00 4.228399999999999714e+00
1.247200000000000086e+00 5.469000000000000528e-01
1.623299999999999965e+00 3.307900000000000063e+00
1.431699999999999973e+00 1.925899999999999945e+00
1.351900000000000102e+00 1.451999999999999957e+00
1.673499999999999988e+00 5.293199999999999683e+00
1.220399999999999929e+00 2.611699999999999910e+00
1.225899999999999990e+00 4.724000000000000199e+00
9.733000000000000540e-01 2.866899999999999782e+00
7.977999999999999536e-01 1.373899999999999899e+00
7.086999999999999966e-01 7.250999999999999668e-01
7.618000000000000327e-01 3.256200000000000205e+00
5.301000000000000156e-01 1.696600000000000108e+00
6.598000000000000531e-01 5.200899999999999856e+00
4.959000000000000075e-01 2.237000000000000099e+00
4.504000000000000226e-01 2.818400000000000016e+00
2.999999999999999889e-01 3.191999999999999837e-01
2.285000000000000087e-01 5.079999999999999793e-02
3.825999999999999956e-01 4.087500000000000355e+00
3.474999999999999756e-01 4.736799999999999677e+00
3.247999999999999776e-01 3.398400000000000087e+00
1.487999999999999878e-01 9.714000000000000412e-01
1.368000000000000049e-01 5.404499999999999638e+00
-3.570000000000000256e-02 1.678199999999999914e+00
-3.769999999999999740e-02 4.538499999999999979e+00
-1.001999999999999974e-01 3.875199999999999978e+00
-1.499999999999999944e-01 1.332200000000000051e+00
-2.129999999999999949e-01 2.521100000000000119e+00
-2.210999999999999910e-01 6.478000000000000425e-01
-2.762000000000000011e-01 2.939700000000000202e+00
-3.136999999999999789e-01 5.284200000000000230e+00
-2.535000000000000031e-01 2.151000000000000134e-01
-4.596999999999999975e-01 1.888099999999999890e+00
-6.249000000000000110e-01 9.878000000000000114e-01
-6.773000000000000131e-01 1.529300000000000104e+00
-8.679999999999999938e-01 4.663299999999999557e+00
-8.679000000000000048e-01 5.100500000000000256e+00
-1.042599999999999971e+00 3.310200000000000031e+00
-1.188600000000000101e+00 1.897899999999999920e+00
-1.392800000000000038e+00 4.802999999999999936e+00
-1.403299999999999992e+00 4.435500000000000220e+00
-1.122200000000000086e+00 2.887000000000000122e-01
-1.266299999999999981e+00 1.408099999999999907e+00
-1.513400000000000079e+00 3.058100000000000041e+00
-1.697999999999999954e+00 1.105499999999999927e+00
-2.255500000000000060e+00 4.133899999999999686e+00
-2.421100000000000030e+00 3.673299999999999788e+00
-2.554199999999999804e+00 4.555600000000000094e+00
-2.110899999999999999e+00 1.465500000000000025e+00
-3.794000000000000150e-01 4.962900000000000311e+00
1.076500000000000012e+00 5.084800000000000431e+00
-1.057700000000000085e+00 5.571500000000000341e+00
-8.608000000000000096e-01 2.422699999999999854e+00
-2.252899999999999903e+00 5.521099999999999675e+00
-1.297199999999999909e+00 2.431400000000000006e+00
-5.574999999999999956e-01 5.540499999999999758e+00
8.115999999999999881e-01 4.696799999999999642e+00
3.289000000000000257e-01 5.892299999999999649e+00
-1.222099999999999964e+00 8.535000000000000364e-01
-1.673799999999999955e+00 2.072200000000000042e+00
-2.801000000000000156e-01 5.966400000000000148e+00
-6.761000000000000343e-01 4.035300000000000331e+00
-4.888000000000000123e-01 3.331700000000000106e+00
-1.052000000000000046e+00 4.257799999999999585e+00
-8.544000000000000483e-01 3.095600000000000129e+00
-1.457600000000000007e+00 4.046499999999999986e+00
-4.830000000000000265e-02 2.286200000000000010e+00
