2.190999999999999837e+00 2.764600000000000168e+00
1.680500000000000105e+00 1.150600000000000067e+00
1.660600000000000076e+00 1.555199999999999916e+00
1.916800000000000059e+00 2.029399999999999871e+00
1.178500000000000103e+00 8.803999999999999604e-01
2.059800000000000075e+00 3.243399999999999839e+00
1.998199999999999976e+00 4.711599999999999788e+00
1.549199999999999910e+00 2.237000000000000099e+00
1.604200000000000070e+00 4.092299999999999827e+00
8.339999999999999636e-01 4.386999999999999789e-01
1.591299999999999937e+00 3.315599999999999881e+00
1.373499999999999943e+00 1.867199999999999971e+00
1.322400000000000020e+00 1.372200000000000086e+00
1.667999999999999927e+00 5.203500000000000014e+00
1.020399999999999974e+00 2.158900000000000041e+00
1.279099999999999904e+00 4.570899999999999963e+00
6.947999999999999732e-01 2.392700000000000049e+00
5.737999999999999767e-01 1.048699999999999966e+00
5.181999999999999940e-01 6.483999999999999764e-01
8.653999999999999471e-01 3.618700000000000028e+00
3.890000000000000124e-01 1.364999999999999991e+00
6.906999999999999806e-01 5.118500000000000050e+00
5.850999999999999535e-01 1.802000000000000046e+00
3.325000000000000178e-01 2.176200000000000134e+00
1.653999999999999915e-01 5.220000000000000334e-02
4.182000000000000162e-01 3.772100000000000009e+00
3.017000000000000237e-01 4.712600000000000122e+00
4.277000000000000246e-01 3.156400000000000095e+00
8.100000000000000255e-02 8.303000000000000380e-01
9.529999999999999583e-02 5.378700000000000259e+00
4.300000000000000003e-03 1.564300000000000024e+00
-4.710000000000000298e-02 4.375700000000000145e+00
-3.969999999999999918e-02 3.366499999999999826e+00
-1.038000000000000034e-01 1.228699999999999903e+00
-1.703999999999999959e-01 2.133999999999999897e+00
-2.099999999999999922e-01 3.071999999999999731e-01
-1.203000000000000042e-01 2.781299999999999883e+00
-3.145000000000000018e-01 5.217399999999999594e+00
-6.330000000000000071e-01 1.671599999999999975e+00
-4.727999999999999980e-01 8.151000000000000467e-01
-5.139000000000000234e-01 1.343900000000000095e+00
-8.554000000000000492e-01 4.700099999999999945e+00
-8.385000000000000231e-01 5.054299999999999571e+00
-9.765000000000000346e-01 3.253600000000000048e+00
-1.269900000000000029e+00 1.784499999999999975e+00
-1.464399999999999924e+00 4.693200000000000038e+00
-1.307600000000000096e+00 4.400599999999999845e+00
-6.351999999999999869e-01 3.279000000000000248e-01
-1.106200000000000072e+00 1.204199999999999937e+00
-1.139199999999999990e+00 2.626100000000000101e+00
-1.437300000000000022e+00 8.727000000000000313e-01
-2.269400000000000084e+00 3.975999999999999979e+00
-2.311300000000000132e+00 3.110700000000000021e+00
-2.599400000000000155e+00 4.510299999999999976e+00
-1.895999999999999908e+00 1.398700000000000054e+00
-4.204999999999999849e-01 4.817899999999999849e+00
1.086799999999999988e+00 4.929400000000000226e+00
-1.106500000000000039e+00 5.406600000000000072e+00
-6.922000000000000375e-01 2.079200000000000159e+00
-2.265200000000000102e+00 5.514599999999999724e+00
-1.172299999999999898e+00 2.268100000000000005e+00
-5.544000000000000039e-01 5.507500000000000284e+00
8.356999999999999984e-01 4.664500000000000313e+00
3.639999999999999902e-01 5.916500000000000092e+00
-9.540999999999999481e-01 7.850000000000000311e-01
-1.698299999999999921e+00 2.063299999999999912e+00
-2.812999999999999945e-01 5.979499999999999815e+00
-6.472999999999999865e-01 3.855100000000000193e+00
-4.298000000000000154e-01 3.140000000000000124e+00
-1.079900000000000082e+00 4.148900000000000254e+00
-8.464000000000000412e-01 2.968399999999999928e+00
-1.559299999999999908e+00 3.739599999999999813e+00
4.279999999999999777e-02 1.966699999999999893e+00
