2.227700000000000014e+00 2.737200000000000077e+00
1.768999999999999906e+00 1.210099999999999953e+00
1.782599999999999962e+00 1.537199999999999900e+00
1.932199999999999918e+00 2.064299999999999802e+00
1.321900000000000075e+00 8.497999999999999998e-01
2.034299999999999997e+00 3.264899999999999913e+00
1.993300000000000072e+00 4.838199999999999612e+00
1.553800000000000070e+00 2.245499999999999829e+00
1.716199999999999948e+00 4.131300000000000416e+00
9.478999999999999648e-01 5.241000000000000103e-01
1.635000000000000009e+00 3.346099999999999852e+00
1.428399999999999892e+00 1.911499999999999977e+00
1.400400000000000089e+00 1.439500000000000002e+00
1.671999999999999931e+00 5.262800000000000367e+00
1.125099999999999989e+00 2.214900000000000091e+00
1.259900000000000020e+00 4.615499999999999936e+00
7.432999999999999607e-01 2.451400000000000023e+00
6.481999999999999984e-01 1.143499999999999961e+00
5.598999999999999533e-01 7.150999999999999579e-01
8.453000000000000513e-01 3.678599999999999870e+00
4.334999999999999964e-01 1.471000000000000085e+00
6.988999999999999657e-01 5.148500000000000298e+00
6.066000000000000281e-01 1.913200000000000012e+00
2.807999999999999940e-01 2.357200000000000184e+00
1.885999999999999899e-01 1.350999999999999979e-01
4.743999999999999884e-01 3.910299999999999887e+00
3.009000000000000008e-01 4.732499999999999929e+00
3.696999999999999731e-01 3.265400000000000080e+00
1.029999999999999943e-01 8.793999999999999595e-01
1.202000000000000013e-01 5.402300000000000324e+00
1.200000000000000025e-02 1.623599999999999932e+00
-1.146999999999999964e-01 4.497899999999999565e+00
-4.209999999999999853e-02 3.512000000000000011e+00
-1.395000000000000129e-01 1.275700000000000056e+00
-1.575000000000000011e-01 2.263399999999999856e+00
-2.018999999999999961e-01 3.992999999999999883e-01
-1.773000000000000131e-01 2.856799999999999784e+00
-2.965999999999999748e-01 5.263300000000000090e+00
-5.423000000000000043e-01 1.739400000000000057e+00
-4.953000000000000180e-01 8.922999999999999821e-01
-5.855000000000000204e-01 1.397299999999999986e+00
-8.774999999999999467e-01 4.697400000000000020e+00
-8.527000000000000135e-01 5.070500000000000007e+00
-1.042999999999999927e+00 3.304399999999999782e+00
-1.307099999999999929e+00 1.861900000000000110e+00
-1.373599999999999932e+00 4.768699999999999939e+00
-1.312200000000000033e+00 4.425099999999999589e+00
-7.590999999999999970e-01 2.670000000000000151e-01
-1.142600000000000060e+00 1.336799999999999988e+00
-1.299700000000000077e+00 2.801899999999999835e+00
-1.545700000000000074e+00 8.961000000000000076e-01
-2.286900000000000155e+00 4.101700000000000124e+00
-2.422800000000000065e+00 3.301200000000000134e+00
-2.603499999999999925e+00 4.527199999999999669e+00
-2.011400000000000077e+00 1.405200000000000005e+00
-3.860999999999999988e-01 4.903699999999999726e+00
1.117899999999999894e+00 4.991999999999999993e+00
-1.099800000000000111e+00 5.460399999999999920e+00
-7.100999999999999535e-01 2.168600000000000083e+00
-2.262799999999999923e+00 5.525299999999999656e+00
-1.266000000000000014e+00 2.315399999999999903e+00
-5.548999999999999488e-01 5.516399999999999970e+00
8.193000000000000282e-01 4.692499999999999893e+00
3.705999999999999850e-01 5.915899999999999714e+00
-1.046999999999999931e+00 8.097999999999999643e-01
-1.702800000000000091e+00 2.068000000000000060e+00
-2.842000000000000082e-01 5.976700000000000124e+00
-7.095000000000000195e-01 3.930699999999999861e+00
-4.753999999999999893e-01 3.243100000000000094e+00
-1.056899999999999951e+00 4.214500000000000135e+00
-8.195999999999999952e-01 3.049500000000000099e+00
-1.471000000000000085e+00 3.895799999999999930e+00
3.230000000000000232e-02 2.068000000000000060e+00
