2.264100000000000001e+00 2.686999999999999833e+00
1.850500000000000034e+00 1.191799999999999971e+00
1.885599999999999943e+00 1.615199999999999969e+00
1.920600000000000085e+00 2.077799999999999869e+00
1.583299999999999930e+00 6.851000000000000423e-01
2.002499999999999947e+00 3.252899999999999903e+00
2.055600000000000094e+00 5.019000000000000128e+00
1.554899999999999949e+00 2.236099999999999977e+00
1.834000000000000075e+00 4.214500000000000135e+00
1.168299999999999894e+00 5.382000000000000117e-01
1.645699999999999941e+00 3.318200000000000038e+00
1.432700000000000085e+00 1.936099999999999932e+00
1.361499999999999932e+00 1.478099999999999969e+00
1.679400000000000004e+00 5.294100000000000250e+00
1.159599999999999964e+00 2.489300000000000068e+00
1.240399999999999947e+00 4.685200000000000031e+00
8.771999999999999797e-01 2.620099999999999874e+00
7.834999999999999742e-01 1.346100000000000074e+00
6.615999999999999659e-01 7.324000000000000510e-01
8.163000000000000256e-01 3.507400000000000073e+00
5.229000000000000314e-01 1.651200000000000001e+00
6.740000000000000435e-01 5.191300000000000026e+00
4.974000000000000088e-01 2.196899999999999853e+00
2.768999999999999795e-01 2.677900000000000169e+00
3.005999999999999783e-01 2.521999999999999797e-01
4.255999999999999783e-01 4.088899999999999757e+00
3.155000000000000027e-01 4.733200000000000074e+00
3.688000000000000167e-01 3.391199999999999992e+00
1.238999999999999962e-01 9.584000000000000297e-01
1.414999999999999869e-01 5.402199999999999669e+00
-1.700000000000000122e-02 1.667399999999999993e+00
-6.260000000000000286e-02 4.564000000000000057e+00
-4.440000000000000197e-02 3.786300000000000221e+00
-1.560999999999999888e-01 1.317299999999999915e+00
-1.955000000000000071e-01 2.522600000000000176e+00
-1.663999999999999924e-01 5.909999999999999698e-01
-2.805000000000000271e-01 2.908700000000000063e+00
-3.109000000000000097e-01 5.269999999999999574e+00
-1.264000000000000123e-01 8.899999999999999578e-02
-4.702000000000000068e-01 1.803500000000000103e+00
-5.786000000000000032e-01 9.687000000000000055e-01
-6.550000000000000266e-01 1.501800000000000024e+00
-8.753999999999999559e-01 4.689499999999999780e+00
-8.649000000000000021e-01 5.087900000000000311e+00
-1.043299999999999894e+00 3.325400000000000134e+00
-1.262299999999999978e+00 1.889999999999999902e+00
-1.391399999999999970e+00 4.804700000000000415e+00
-1.388300000000000090e+00 4.466800000000000104e+00
-9.979999999999999982e-01 2.321000000000000008e-01
-1.240699999999999914e+00 1.449500000000000011e+00
-1.543400000000000105e+00 3.053199999999999914e+00
-1.641699999999999937e+00 9.999000000000000110e-01
-2.271300000000000097e+00 4.186499999999999666e+00
-2.450899999999999856e+00 3.552599999999999980e+00
-2.578399999999999803e+00 4.555699999999999861e+00
-2.113599999999999923e+00 1.456700000000000106e+00
-3.716999999999999749e-01 4.962100000000000399e+00
1.099199999999999955e+00 5.074300000000000033e+00
-1.133299999999999974e+00 5.549599999999999866e+00
-7.669000000000000261e-01 2.368700000000000028e+00
-2.257299999999999862e+00 5.525199999999999889e+00
-1.291299999999999892e+00 2.422000000000000153e+00
-5.614000000000000101e-01 5.523299999999999876e+00
8.124000000000000110e-01 4.696600000000000108e+00
3.575999999999999734e-01 5.909200000000000230e+00
-1.201500000000000012e+00 8.294000000000000261e-01
-1.686099999999999932e+00 2.077199999999999935e+00
-2.792000000000000037e-01 5.974300000000000388e+00
-6.901000000000000467e-01 4.028599999999999959e+00
-5.022999999999999687e-01 3.307199999999999918e+00
-1.050699999999999967e+00 4.260100000000000442e+00
-8.137999999999999678e-01 3.107299999999999951e+00
-1.450099999999999945e+00 4.049699999999999633e+00
4.799999999999999580e-03 2.215899999999999981e+00
