2.214599999999999902e+00 2.747700000000000031e+00
1.731300000000000061e+00 1.193100000000000049e+00
1.734099999999999975e+00 1.544399999999999995e+00
1.931899999999999951e+00 2.053399999999999892e+00
1.253400000000000070e+00 8.792999999999999705e-01
2.049500000000000099e+00 3.251700000000000035e+00
2.002800000000000136e+00 4.791199999999999903e+00
1.557299999999999907e+00 2.244699999999999918e+00
1.667499999999999982e+00 4.115800000000000125e+00
8.989000000000000323e-01 4.965999999999999859e-01
1.620500000000000052e+00 3.336800000000000210e+00
1.415300000000000002e+00 1.892200000000000104e+00
1.380900000000000016e+00 1.411200000000000010e+00
1.669499999999999984e+00 5.241799999999999571e+00
1.089900000000000091e+00 2.186799999999999855e+00
1.265600000000000058e+00 4.597800000000000331e+00
7.270999999999999686e-01 2.422099999999999920e+00
6.175000000000000488e-01 1.101599999999999913e+00
5.421000000000000263e-01 6.892000000000000348e-01
8.514000000000000457e-01 3.665900000000000158e+00
4.114999999999999769e-01 1.425699999999999967e+00
6.985000000000000098e-01 5.139199999999999768e+00
6.009999999999999787e-01 1.858800000000000008e+00
3.074000000000000066e-01 2.275500000000000078e+00
1.708000000000000074e-01 1.068000000000000060e-01
4.546999999999999931e-01 3.848899999999999988e+00
2.998999999999999999e-01 4.725999999999999979e+00
3.961000000000000076e-01 3.216299999999999937e+00
9.740000000000000047e-02 8.598999999999999977e-01
1.105000000000000010e-01 5.393200000000000216e+00
1.220000000000000077e-02 1.604000000000000092e+00
-9.410000000000000309e-02 4.448400000000000354e+00
-4.719999999999999890e-02 3.452199999999999935e+00
-1.200999999999999984e-01 1.256999999999999895e+00
-1.658999999999999919e-01 2.202100000000000168e+00
-2.139000000000000068e-01 3.534999999999999809e-01
-1.487999999999999878e-01 2.834099999999999842e+00
-3.012000000000000233e-01 5.252100000000000435e+00
-5.796999999999999931e-01 1.714499999999999913e+00
-4.855999999999999761e-01 8.576000000000000290e-01
-5.554000000000000048e-01 1.376200000000000090e+00
-8.700999999999999845e-01 4.700199999999999712e+00
-8.465000000000000302e-01 5.065000000000000391e+00
-1.025900000000000034e+00 3.284899999999999931e+00
-1.302100000000000035e+00 1.835499999999999909e+00
-1.401299999999999990e+00 4.740899999999999892e+00
-1.300200000000000022e+00 4.411500000000000199e+00
-6.958999999999999631e-01 2.973999999999999977e-01
-1.128900000000000015e+00 1.278200000000000003e+00
-1.217500000000000027e+00 2.735199999999999854e+00
-1.501400000000000068e+00 8.830999999999999961e-01
-2.282999999999999918e+00 4.053899999999999615e+00
-2.381299999999999972e+00 3.222399999999999931e+00
-2.602799999999999780e+00 4.520500000000000185e+00
-1.963600000000000012e+00 1.400600000000000067e+00
-4.060000000000000275e-01 4.876699999999999591e+00
1.104100000000000081e+00 4.958400000000000141e+00
-1.097900000000000098e+00 5.443999999999999950e+00
-7.063000000000000389e-01 2.124000000000000110e+00
-2.263900000000000023e+00 5.522199999999999775e+00
-1.228799999999999892e+00 2.291599999999999859e+00
-5.542000000000000259e-01 5.513700000000000045e+00
8.244000000000000217e-01 4.684499999999999886e+00
3.696999999999999731e-01 5.916800000000000281e+00
-1.003900000000000015e+00 8.022000000000000242e-01
-1.701899999999999968e+00 2.065799999999999859e+00
-2.833999999999999853e-01 5.977800000000000225e+00
-6.917999999999999705e-01 3.900900000000000034e+00
-4.505000000000000115e-01 3.210199999999999942e+00
-1.065700000000000092e+00 4.190199999999999925e+00
-8.324000000000000288e-01 3.014699999999999935e+00
-1.504599999999999937e+00 3.821800000000000086e+00
3.950000000000000039e-02 2.025999999999999801e+00
