2.213799999999999990e+00 2.653999999999999915e+00
1.858800000000000008e+00 1.191999999999999948e+00
1.894500000000000073e+00 1.627699999999999925e+00
1.958800000000000097e+00 2.099299999999999944e+00
1.614000000000000101e+00 7.822999999999999954e-01
2.008799999999999919e+00 3.228600000000000136e+00
2.107800000000000118e+00 5.057299999999999685e+00
1.559399999999999897e+00 2.238500000000000156e+00
1.836500000000000021e+00 4.228600000000000136e+00
1.240099999999999980e+00 5.414999999999999813e-01
1.629000000000000004e+00 3.305899999999999839e+00
1.431200000000000028e+00 1.929100000000000037e+00
1.352899999999999991e+00 1.452800000000000091e+00
1.677400000000000002e+00 5.291900000000000048e+00
1.209200000000000053e+00 2.610199999999999854e+00
1.228399999999999936e+00 4.716400000000000148e+00
9.714000000000000412e-01 2.830299999999999816e+00
8.017999999999999572e-01 1.375799999999999912e+00
7.046000000000000041e-01 7.247000000000000108e-01
7.717000000000000526e-01 3.282000000000000028e+00
5.300000000000000266e-01 1.692399999999999904e+00
6.613999999999999879e-01 5.199900000000000411e+00
4.943000000000000171e-01 2.235199999999999854e+00
4.285999999999999810e-01 2.804199999999999804e+00
3.012000000000000233e-01 3.059000000000000052e-01
2.106000000000000094e-01 3.540000000000000091e-02
3.845999999999999974e-01 4.090900000000000425e+00
3.406000000000000139e-01 4.739399999999999835e+00
3.417999999999999927e-01 3.398499999999999854e+00
1.474999999999999922e-01 9.685000000000000275e-01
1.381999999999999895e-01 5.404499999999999638e+00
-3.250000000000000111e-02 1.677100000000000035e+00
-3.950000000000000039e-02 4.544800000000000395e+00
-9.450000000000000067e-02 3.867500000000000160e+00
-1.494000000000000050e-01 1.329900000000000082e+00
-2.093000000000000138e-01 2.521900000000000031e+00
-2.164999999999999980e-01 6.429000000000000270e-01
-2.803999999999999826e-01 2.939000000000000057e+00
-3.135000000000000009e-01 5.280999999999999694e+00
-2.323999999999999955e-01 2.000000000000000111e-01
-4.567999999999999838e-01 1.878100000000000103e+00
-6.200999999999999845e-01 9.841999999999999638e-01
-6.739000000000000545e-01 1.525800000000000045e+00
-8.686000000000000387e-01 4.671000000000000263e+00
-8.672999999999999599e-01 5.100299999999999834e+00
-1.043800000000000061e+00 3.309400000000000119e+00
-1.199899999999999967e+00 1.893199999999999994e+00
-1.395599999999999952e+00 4.803499999999999659e+00
-1.399499999999999966e+00 4.439600000000000435e+00
-1.103399999999999936e+00 2.827999999999999958e-01
-1.268000000000000016e+00 1.419599999999999973e+00
-1.518399999999999972e+00 3.059699999999999864e+00
-1.693599999999999994e+00 1.090100000000000069e+00
-2.258599999999999941e+00 4.148200000000000109e+00
-2.423299999999999788e+00 3.656099999999999905e+00
-2.556099999999999817e+00 4.557699999999999640e+00
-2.110599999999999810e+00 1.464199999999999946e+00
-3.798000000000000265e-01 4.960799999999999876e+00
1.078200000000000047e+00 5.084399999999999586e+00
-1.066599999999999993e+00 5.574900000000000411e+00
-8.475000000000000311e-01 2.418800000000000061e+00
-2.253600000000000048e+00 5.522000000000000242e+00
-1.296300000000000008e+00 2.435900000000000176e+00
-5.581000000000000405e-01 5.538100000000000023e+00
8.116999999999999771e-01 4.696799999999999642e+00
3.361999999999999988e-01 5.894899999999999807e+00
-1.221799999999999997e+00 8.514000000000000457e-01
-1.674900000000000055e+00 2.072799999999999976e+00
-2.792000000000000037e-01 5.968099999999999739e+00
-6.767999999999999572e-01 4.035000000000000142e+00
-4.924999999999999933e-01 3.327300000000000146e+00
-1.051900000000000057e+00 4.259000000000000341e+00
-8.481999999999999540e-01 3.096600000000000019e+00
-1.460900000000000087e+00 4.047399999999999665e+00
-4.580000000000000043e-02 2.276600000000000179e+00
