2.209600000000000009e+00 2.751399999999999846e+00
1.717999999999999972e+00 1.183999999999999941e+00
1.716499999999999915e+00 1.547700000000000076e+00
1.929499999999999993e+00 2.047800000000000065e+00
1.233200000000000074e+00 8.843999999999999639e-01
2.052299999999999791e+00 3.250100000000000211e+00
2.004000000000000004e+00 4.773500000000000298e+00
1.557399999999999896e+00 2.243300000000000072e+00
1.652600000000000069e+00 4.111399999999999721e+00
8.824999999999999512e-01 4.843000000000000083e-01
1.614100000000000090e+00 3.332599999999999785e+00
1.407499999999999973e+00 1.886200000000000099e+00
1.370500000000000052e+00 1.401399999999999979e+00
1.668800000000000061e+00 5.233200000000000074e+00
1.074699999999999989e+00 2.178799999999999848e+00
1.268699999999999939e+00 4.590600000000000236e+00
7.208999999999999853e-01 2.413400000000000212e+00
6.068999999999999950e-01 1.088000000000000078e+00
5.360000000000000320e-01 6.794000000000000039e-01
8.541999999999999593e-01 3.656899999999999817e+00
4.053999999999999826e-01 1.411000000000000032e+00
6.979999999999999538e-01 5.135299999999999976e+00
5.966000000000000192e-01 1.842999999999999972e+00
3.140000000000000013e-01 2.251399999999999846e+00
1.676999999999999880e-01 9.539999999999999869e-02
4.456999999999999851e-01 3.830700000000000216e+00
3.003000000000000114e-01 4.722900000000000098e+00
4.052000000000000046e-01 3.200499999999999901e+00
9.420000000000000595e-02 8.535000000000000364e-01
1.071000000000000008e-01 5.390500000000000291e+00
1.080000000000000057e-02 1.595900000000000096e+00
-8.400000000000000522e-02 4.430399999999999672e+00
-4.730000000000000177e-02 3.430899999999999839e+00
-1.142999999999999988e-01 1.250099999999999989e+00
-1.688000000000000056e-01 2.182999999999999829e+00
-2.154000000000000081e-01 3.402000000000000024e-01
-1.406000000000000028e-01 2.822900000000000187e+00
-3.039000000000000035e-01 5.245000000000000107e+00
-5.926000000000000156e-01 1.704900000000000082e+00
-4.815999999999999726e-01 8.456000000000000183e-01
-5.455999999999999739e-01 1.368400000000000061e+00
-8.686000000000000387e-01 4.700099999999999945e+00
-8.477999999999999980e-01 5.062000000000000277e+00
-1.016399999999999970e+00 3.277699999999999836e+00
-1.295800000000000063e+00 1.826000000000000068e+00
-1.414600000000000080e+00 4.729800000000000004e+00
-1.299800000000000066e+00 4.408400000000000318e+00
-6.777999999999999581e-01 3.064999999999999947e-01
-1.124000000000000110e+00 1.259100000000000108e+00
-1.195599999999999996e+00 2.711500000000000021e+00
-1.485899999999999999e+00 8.804999999999999494e-01
-2.280400000000000205e+00 4.034900000000000375e+00
-2.364799999999999791e+00 3.194399999999999906e+00
-2.602100000000000080e+00 4.518200000000000216e+00
-1.946800000000000086e+00 1.399699999999999944e+00
-4.111000000000000210e-01 4.864300000000000068e+00
1.098300000000000054e+00 4.948400000000000354e+00
-1.098300000000000054e+00 5.435599999999999987e+00
-7.040999999999999481e-01 2.111499999999999932e+00
-2.264299999999999979e+00 5.520599999999999952e+00
-1.214499999999999913e+00 2.285299999999999887e+00
-5.541000000000000369e-01 5.512800000000000367e+00
8.266000000000000014e-01 4.680500000000000327e+00
3.689999999999999947e-01 5.917099999999999582e+00
-9.902999999999999581e-01 7.990000000000000435e-01
-1.700700000000000101e+00 2.066600000000000215e+00
-2.828999999999999848e-01 5.978299999999999947e+00
-6.828999999999999515e-01 3.890299999999999869e+00
-4.434000000000000163e-01 3.195899999999999963e+00
-1.069600000000000106e+00 4.180799999999999628e+00
-8.364000000000000323e-01 3.002499999999999947e+00
-1.518399999999999972e+00 3.799599999999999866e+00
4.209999999999999853e-02 2.011299999999999866e+00
