2.149799999999999933e+00 2.665299999999999780e+00
1.864100000000000090e+00 1.194499999999999895e+00
1.884900000000000020e+00 1.627000000000000002e+00
1.963999999999999968e+00 2.104400000000000048e+00
1.619199999999999973e+00 8.239999999999999547e-01
1.975200000000000067e+00 3.253000000000000114e+00
2.122100000000000097e+00 5.053899999999999615e+00
1.567199999999999926e+00 2.255100000000000104e+00
1.829599999999999893e+00 4.226099999999999746e+00
1.256899999999999906e+00 5.657999999999999696e-01
1.610500000000000043e+00 3.302799999999999958e+00
1.428900000000000059e+00 1.921599999999999975e+00
1.358000000000000096e+00 1.456900000000000084e+00
1.661899999999999933e+00 5.296100000000000030e+00
1.242399999999999949e+00 2.606899999999999995e+00
1.227600000000000025e+00 4.734399999999999942e+00
9.613000000000000433e-01 2.935099999999999820e+00
7.801000000000000156e-01 1.363099999999999978e+00
7.167999999999999927e-01 7.292999999999999483e-01
7.663999999999999702e-01 3.339599999999999902e+00
5.298000000000000487e-01 1.702599999999999891e+00
6.653000000000000025e-01 5.203700000000000436e+00
5.001999999999999780e-01 2.241899999999999782e+00
4.662999999999999923e-01 2.821499999999999897e+00
3.015999999999999792e-01 3.431000000000000161e-01
2.580000000000000071e-01 7.610000000000000098e-02
4.148999999999999910e-01 4.069300000000000139e+00
3.583999999999999964e-01 4.728699999999999903e+00
2.692999999999999838e-01 3.409499999999999975e+00
1.499000000000000055e-01 9.724000000000000421e-01
1.360999999999999988e-01 5.405400000000000205e+00
-4.259999999999999898e-02 1.682199999999999918e+00
-4.290000000000000063e-02 4.513099999999999667e+00
-1.102999999999999953e-01 3.892700000000000049e+00
-1.544999999999999984e-01 1.335599999999999898e+00
-2.220999999999999919e-01 2.527000000000000135e+00
-2.275000000000000078e-01 6.558000000000000496e-01
-2.550000000000000044e-01 2.934600000000000097e+00
-3.105999999999999872e-01 5.284900000000000375e+00
-3.028000000000000136e-01 2.396000000000000074e-01
-4.623999999999999777e-01 1.903799999999999937e+00
-6.333999999999999631e-01 9.997000000000000330e-01
-6.841000000000000414e-01 1.533700000000000063e+00
-8.510999999999999677e-01 4.663899999999999935e+00
-8.656000000000000361e-01 5.104000000000000092e+00
-1.037600000000000078e+00 3.314200000000000035e+00
-1.148900000000000032e+00 1.911399999999999988e+00
-1.382500000000000062e+00 4.804899999999999949e+00
-1.409799999999999942e+00 4.421999999999999709e+00
-1.146400000000000086e+00 2.917000000000000148e-01
-1.247700000000000031e+00 1.378600000000000048e+00
-1.505200000000000093e+00 3.059699999999999864e+00
-1.709999999999999964e+00 1.130800000000000027e+00
-2.252499999999999947e+00 4.088799999999999990e+00
-2.408700000000000063e+00 3.698900000000000077e+00
-2.554699999999999971e+00 4.554199999999999804e+00
-2.113999999999999879e+00 1.465899999999999981e+00
-3.810999999999999943e-01 4.961800000000000210e+00
1.074799999999999978e+00 5.084800000000000431e+00
-1.044899999999999940e+00 5.564099999999999824e+00
-8.846000000000000529e-01 2.430800000000000072e+00
-2.251300000000000079e+00 5.518699999999999939e+00
-1.315800000000000081e+00 2.411599999999999966e+00
-5.568999999999999506e-01 5.546100000000000030e+00
8.106999999999999762e-01 4.696699999999999875e+00
3.034999999999999920e-01 5.891200000000000436e+00
-1.222299999999999942e+00 8.549999999999999822e-01
-1.669300000000000006e+00 2.069100000000000161e+00
-2.816000000000000170e-01 5.958899999999999864e+00
-6.787999999999999590e-01 4.036299999999999777e+00
-4.818000000000000060e-01 3.343100000000000183e+00
-1.048300000000000010e+00 4.259599999999999831e+00
-8.620999999999999774e-01 3.097100000000000186e+00
-1.447100000000000053e+00 4.046599999999999753e+00
-3.289999999999999869e-02 2.304399999999999782e+00
