2.156899999999999817e+00 2.658999999999999808e+00
1.863799999999999901e+00 1.194099999999999939e+00
1.884900000000000020e+00 1.627000000000000002e+00
1.963100000000000067e+00 2.105599999999999916e+00
1.622100000000000097e+00 8.243000000000000327e-01
1.966800000000000104e+00 3.254599999999999937e+00
2.121999999999999886e+00 5.054499999999999993e+00
1.572100000000000053e+00 2.257499999999999840e+00
1.832100000000000062e+00 4.230299999999999727e+00
1.256299999999999972e+00 5.685999999999999943e-01
1.603499999999999925e+00 3.305699999999999861e+00
1.438800000000000079e+00 1.914700000000000069e+00
1.362300000000000066e+00 1.459000000000000075e+00
1.663999999999999924e+00 5.301000000000000156e+00
1.244599999999999929e+00 2.606799999999999784e+00
1.229600000000000026e+00 4.735599999999999810e+00
9.517999999999999794e-01 2.939999999999999947e+00
7.771000000000000130e-01 1.364200000000000079e+00
7.146000000000000130e-01 7.247000000000000108e-01
7.740000000000000213e-01 3.376799999999999802e+00
5.291000000000000147e-01 1.702900000000000080e+00
6.636999999999999567e-01 5.204699999999999882e+00
5.011999999999999789e-01 2.242999999999999883e+00
4.640000000000000235e-01 2.821499999999999897e+00
2.982000000000000206e-01 4.702000000000000113e-01
2.599000000000000199e-01 1.655000000000000033e-01
4.186000000000000276e-01 4.062500000000000000e+00
3.604999999999999871e-01 4.728399999999999714e+00
2.605999999999999983e-01 3.411200000000000010e+00
1.499000000000000055e-01 9.724000000000000421e-01
1.270000000000000018e-01 5.407899999999999707e+00
-4.299999999999999656e-02 1.681300000000000017e+00
-4.340000000000000108e-02 4.508799999999999919e+00
-1.102999999999999953e-01 3.892700000000000049e+00
-1.545999999999999874e-01 1.341900000000000093e+00
-2.235999999999999932e-01 2.567699999999999836e+00
-2.321999999999999897e-01 6.610000000000000320e-01
-2.479000000000000092e-01 2.932100000000000151e+00
-3.130999999999999894e-01 5.286400000000000432e+00
-3.055999999999999828e-01 2.422999999999999876e-01
-4.615000000000000213e-01 1.903799999999999937e+00
-6.336000000000000520e-01 1.001600000000000046e+00
-6.823000000000000176e-01 1.536599999999999966e+00
-8.579999999999999849e-01 4.640799999999999592e+00
-8.667000000000000259e-01 5.102100000000000080e+00
-1.036399999999999988e+00 3.385700000000000092e+00
-1.157200000000000006e+00 1.923999999999999932e+00
-1.382500000000000062e+00 4.804899999999999949e+00
-1.402700000000000058e+00 4.436099999999999710e+00
-1.151999999999999913e+00 2.978999999999999981e-01
-1.247999999999999998e+00 1.383699999999999930e+00
-1.504899999999999904e+00 3.054600000000000204e+00
-1.711500000000000021e+00 1.133199999999999985e+00
-2.257899999999999796e+00 4.077799999999999869e+00
-2.421600000000000197e+00 3.673399999999999999e+00
-2.559299999999999908e+00 4.554000000000000270e+00
-2.107499999999999929e+00 1.466699999999999893e+00
-3.805999999999999939e-01 4.959999999999999964e+00
1.074200000000000044e+00 5.084900000000000198e+00
-1.044000000000000039e+00 5.564000000000000057e+00
-8.854999999999999538e-01 2.431700000000000195e+00
-2.250799999999999912e+00 5.518500000000000405e+00
-1.312799999999999967e+00 2.410499999999999865e+00
-5.565999999999999837e-01 5.546999999999999709e+00
8.110000000000000542e-01 4.697000000000000064e+00
2.997000000000000219e-01 5.889300000000000423e+00
-1.223300000000000054e+00 8.559999999999999831e-01
-1.670299999999999896e+00 2.068000000000000060e+00
-2.827999999999999958e-01 5.960499999999999687e+00
-6.784999999999999920e-01 4.035300000000000331e+00
-4.792000000000000148e-01 3.346699999999999786e+00
-1.048499999999999988e+00 4.259599999999999831e+00
-8.617000000000000215e-01 3.095400000000000151e+00
-1.446199999999999930e+00 4.049199999999999910e+00
-2.460000000000000034e-02 2.305800000000000072e+00
