2.227199999999999847e+00 2.656000000000000139e+00
1.858200000000000074e+00 1.192199999999999926e+00
1.893899999999999917e+00 1.626900000000000013e+00
1.954700000000000104e+00 2.097799999999999887e+00
1.612400000000000055e+00 7.709000000000000297e-01
2.011499999999999844e+00 3.226900000000000102e+00
2.106100000000000083e+00 5.057000000000000384e+00
1.557900000000000063e+00 2.236000000000000210e+00
1.837499999999999911e+00 4.229099999999999859e+00
1.235700000000000021e+00 5.400000000000000355e-01
1.631899999999999906e+00 3.303100000000000147e+00
1.431799999999999962e+00 1.930299999999999905e+00
1.354000000000000092e+00 1.453600000000000003e+00
1.679100000000000037e+00 5.291699999999999626e+00
1.202599999999999891e+00 2.607499999999999929e+00
1.229899999999999993e+00 4.712699999999999889e+00
9.691999999999999504e-01 2.809299999999999908e+00
8.024999999999999911e-01 1.376600000000000046e+00
7.019999999999999574e-01 7.248999999999999888e-01
7.782999999999999918e-01 3.301400000000000112e+00
5.294999999999999707e-01 1.690099999999999936e+00
6.627999999999999448e-01 5.199300000000000033e+00
4.933000000000000163e-01 2.233999999999999986e+00
4.149999999999999800e-01 2.795399999999999885e+00
3.025999999999999801e-01 2.993000000000000105e-01
2.013000000000000067e-01 2.690000000000000030e-02
3.876999999999999891e-01 4.092600000000000016e+00
3.377000000000000002e-01 4.740099999999999980e+00
3.484999999999999765e-01 3.399599999999999955e+00
1.459999999999999909e-01 9.675000000000000266e-01
1.391999999999999904e-01 5.404200000000000337e+00
-3.080000000000000099e-02 1.676299999999999901e+00
-4.189999999999999974e-02 4.546899999999999942e+00
-9.160000000000000087e-02 3.862699999999999800e+00
-1.489999999999999936e-01 1.329099999999999948e+00
-2.081999999999999962e-01 2.523800000000000043e+00
-2.127000000000000002e-01 6.399000000000000243e-01
-2.822000000000000064e-01 2.938699999999999868e+00
-3.134000000000000119e-01 5.278999999999999915e+00
-2.212000000000000077e-01 1.902000000000000079e-01
-4.555000000000000160e-01 1.871299999999999963e+00
-6.173999999999999488e-01 9.828000000000000069e-01
-6.717999999999999527e-01 1.525400000000000089e+00
-8.689000000000000057e-01 4.674000000000000377e+00
-8.665000000000000480e-01 5.099599999999999689e+00
-1.044399999999999995e+00 3.309299999999999908e+00
-1.205200000000000049e+00 1.892400000000000082e+00
-1.397399999999999975e+00 4.802900000000000169e+00
-1.396600000000000064e+00 4.441600000000000215e+00
-1.092899999999999983e+00 2.796000000000000152e-01
-1.268399999999999972e+00 1.424299999999999899e+00
-1.521700000000000053e+00 3.059299999999999908e+00
-1.690099999999999936e+00 1.080200000000000049e+00
-2.259199999999999875e+00 4.155899999999999928e+00
-2.425300000000000011e+00 3.645500000000000185e+00
-2.557599999999999874e+00 4.558099999999999596e+00
-2.111299999999999955e+00 1.463600000000000012e+00
-3.794000000000000150e-01 4.960200000000000387e+00
1.079599999999999893e+00 5.084100000000000286e+00
-1.071800000000000086e+00 5.576200000000000045e+00
-8.404000000000000359e-01 2.415700000000000180e+00
-2.254100000000000215e+00 5.522499999999999964e+00
-1.295700000000000074e+00 2.436900000000000066e+00
-5.585999999999999854e-01 5.536900000000000155e+00
8.116999999999999771e-01 4.696799999999999642e+00
3.392000000000000015e-01 5.896700000000000053e+00
-1.220299999999999940e+00 8.508000000000000007e-01
-1.675400000000000000e+00 2.072999999999999954e+00
-2.787000000000000033e-01 5.968600000000000350e+00
-6.774000000000000021e-01 4.035300000000000331e+00
-4.939999999999999947e-01 3.324500000000000011e+00
-1.051600000000000090e+00 4.259800000000000253e+00
-8.448999999999999844e-01 3.097100000000000186e+00
-1.461100000000000065e+00 4.048199999999999577e+00
-4.170000000000000095e-02 2.271100000000000119e+00
