2.248200000000000198e+00 2.661999999999999922e+00
1.856899999999999995e+00 1.191899999999999959e+00
1.893599999999999950e+00 1.625999999999999890e+00
1.947400000000000020e+00 2.093300000000000161e+00
1.607499999999999929e+00 7.440999999999999837e-01
2.012599999999999945e+00 3.232899999999999885e+00
2.099699999999999900e+00 5.053099999999999703e+00
1.556599999999999984e+00 2.235799999999999788e+00
1.838799999999999990e+00 4.229000000000000092e+00
1.224299999999999944e+00 5.379000000000000448e-01
1.637999999999999901e+00 3.307300000000000129e+00
1.433000000000000052e+00 1.931499999999999995e+00
1.354700000000000015e+00 1.456499999999999906e+00
1.680099999999999927e+00 5.293599999999999639e+00
1.189400000000000013e+00 2.594899999999999984e+00
1.233700000000000019e+00 4.708000000000000185e+00
9.596999999999999975e-01 2.763300000000000090e+00
8.023000000000000131e-01 1.374800000000000022e+00
6.927999999999999714e-01 7.266000000000000236e-01
7.910000000000000364e-01 3.349299999999999944e+00
5.288000000000000478e-01 1.684600000000000097e+00
6.643999999999999906e-01 5.199699999999999989e+00
4.910999999999999810e-01 2.229999999999999982e+00
3.821999999999999842e-01 2.774099999999999788e+00
3.037000000000000255e-01 2.872999999999999998e-01
1.829000000000000070e-01 6.499999999999999702e-03
3.971000000000000085e-01 4.094899999999999984e+00
3.317999999999999838e-01 4.739499999999999602e+00
3.595999999999999752e-01 3.400500000000000078e+00
1.406999999999999917e-01 9.675000000000000266e-01
1.405000000000000138e-01 5.403100000000000236e+00
-2.740000000000000074e-02 1.674400000000000110e+00
-4.639999999999999680e-02 4.550699999999999967e+00
-8.609999999999999598e-02 3.850600000000000023e+00
-1.509999999999999953e-01 1.327900000000000080e+00
-2.056999999999999940e-01 2.531899999999999817e+00
-2.028000000000000080e-01 6.333999999999999631e-01
-2.847999999999999976e-01 2.936300000000000132e+00
-3.135000000000000009e-01 5.275500000000000078e+00
-1.967000000000000137e-01 1.681999999999999884e-01
-4.557999999999999829e-01 1.854999999999999982e+00
-6.095000000000000417e-01 9.780999999999999694e-01
-6.692000000000000171e-01 1.520499999999999963e+00
-8.713999999999999524e-01 4.678899999999999615e+00
-8.656000000000000361e-01 5.096499999999999808e+00
-1.044899999999999940e+00 3.309299999999999908e+00
-1.217700000000000005e+00 1.889599999999999946e+00
-1.398800000000000043e+00 4.803399999999999892e+00
-1.393899999999999917e+00 4.446500000000000341e+00
-1.071099999999999941e+00 2.693999999999999728e-01
-1.267300000000000093e+00 1.431699999999999973e+00
-1.527400000000000091e+00 3.062399999999999789e+00
-1.679200000000000026e+00 1.059399999999999897e+00
-2.262100000000000222e+00 4.168899999999999828e+00
-2.430099999999999927e+00 3.620000000000000107e+00
-2.561799999999999855e+00 4.557800000000000296e+00
-2.111600000000000144e+00 1.463000000000000078e+00
-3.790999999999999925e-01 4.958499999999999908e+00
1.082899999999999974e+00 5.083000000000000185e+00
-1.084999999999999964e+00 5.576200000000000045e+00
-8.235000000000000098e-01 2.408900000000000041e+00
-2.254999999999999893e+00 5.523500000000000298e+00
-1.294999999999999929e+00 2.436199999999999921e+00
-5.595999999999999863e-01 5.533800000000000274e+00
8.117999999999999661e-01 4.696699999999999875e+00
3.447999999999999954e-01 5.900699999999999612e+00
-1.218599999999999905e+00 8.463000000000000522e-01
-1.676900000000000057e+00 2.073700000000000099e+00
-2.782000000000000028e-01 5.969800000000000217e+00
-6.791000000000000369e-01 4.035300000000000331e+00
-4.965999999999999859e-01 3.319799999999999862e+00
-1.052400000000000002e+00 4.261700000000000266e+00
-8.377000000000000002e-01 3.098700000000000010e+00
-1.459400000000000031e+00 4.049800000000000288e+00
-3.420000000000000123e-02 2.259300000000000086e+00
