2.155699999999999950e+00 2.649599999999999955e+00
1.862500000000000044e+00 1.193899999999999961e+00
1.885499999999999954e+00 1.625599999999999934e+00
1.961799999999999988e+00 2.105599999999999916e+00
1.620900000000000007e+00 8.206999999999999851e-01
1.988799999999999901e+00 3.246500000000000163e+00
2.115899999999999892e+00 5.055900000000000283e+00
1.562699999999999978e+00 2.245299999999999851e+00
1.832600000000000007e+00 4.228500000000000369e+00
1.255100000000000104e+00 5.598999999999999533e-01
1.613399999999999945e+00 3.304899999999999949e+00
1.429300000000000015e+00 1.922299999999999898e+00
1.355599999999999916e+00 1.455100000000000060e+00
1.667300000000000004e+00 5.295799999999999841e+00
1.239400000000000057e+00 2.607699999999999907e+00
1.225700000000000012e+00 4.733100000000000307e+00
9.655000000000000249e-01 2.916399999999999881e+00
7.861000000000000210e-01 1.367699999999999916e+00
7.135000000000000231e-01 7.262999999999999456e-01
7.607000000000000428e-01 3.290200000000000014e+00
5.304999999999999716e-01 1.700499999999999901e+00
6.626999999999999558e-01 5.202300000000000146e+00
4.984000000000000097e-01 2.240099999999999980e+00
4.672000000000000042e-01 2.826700000000000212e+00
2.978999999999999981e-01 3.378999999999999782e-01
2.528000000000000247e-01 7.240000000000000602e-02
4.005000000000000226e-01 4.077700000000000102e+00
3.539999999999999813e-01 4.732199999999999740e+00
2.872000000000000108e-01 3.403700000000000170e+00
1.496000000000000107e-01 9.724000000000000421e-01
1.348999999999999921e-01 5.406399999999999650e+00
-3.960000000000000325e-02 1.680800000000000072e+00
-4.080000000000000293e-02 4.521099999999999675e+00
-1.055999999999999994e-01 3.885800000000000143e+00
-1.507999999999999896e-01 1.334999999999999964e+00
-2.190000000000000002e-01 2.525700000000000056e+00
-2.270000000000000073e-01 6.551000000000000156e-01
-2.632999999999999785e-01 2.937300000000000022e+00
-3.140000000000000013e-01 5.286200000000000010e+00
-2.901000000000000245e-01 2.341000000000000025e-01
-4.610000000000000209e-01 1.899999999999999911e+00
-6.307000000000000384e-01 9.949999999999999956e-01
-6.807999999999999607e-01 1.534599999999999964e+00
-8.588999999999999968e-01 4.656399999999999650e+00
-8.685000000000000497e-01 5.099099999999999966e+00
-1.039400000000000102e+00 3.312800000000000189e+00
-1.166700000000000070e+00 1.913599999999999968e+00
-1.393799999999999928e+00 4.799199999999999910e+00
-1.407799999999999940e+00 4.425500000000000433e+00
-1.144300000000000095e+00 2.931000000000000272e-01
-1.254299999999999971e+00 1.388900000000000023e+00
-1.506599999999999939e+00 3.056000000000000050e+00
-1.706099999999999950e+00 1.125199999999999978e+00
-2.255500000000000060e+00 4.102699999999999569e+00
-2.419999999999999929e+00 3.683899999999999952e+00
-2.555000000000000160e+00 4.554199999999999804e+00
-2.112899999999999778e+00 1.465999999999999970e+00
-3.809000000000000163e-01 4.963199999999999612e+00
1.075199999999999934e+00 5.084900000000000198e+00
-1.047199999999999909e+00 5.565500000000000114e+00
-8.798000000000000265e-01 2.428199999999999914e+00
-2.251900000000000013e+00 5.519700000000000273e+00
-1.305299999999999905e+00 2.418699999999999850e+00
-5.573000000000000176e-01 5.544999999999999929e+00
8.115999999999999881e-01 4.696900000000000297e+00
3.115999999999999881e-01 5.890100000000000335e+00
-1.222599999999999909e+00 8.552999999999999492e-01
-1.671899999999999942e+00 2.069999999999999840e+00
-2.811000000000000165e-01 5.962399999999999700e+00
-6.776999999999999691e-01 4.036800000000000388e+00
-4.853999999999999981e-01 3.339900000000000091e+00
-1.050699999999999967e+00 4.257399999999999629e+00
-8.608000000000000096e-01 3.096400000000000041e+00
-1.448900000000000077e+00 4.046499999999999986e+00
-3.760000000000000148e-02 2.300199999999999800e+00
