2.153200000000000003e+00 2.670500000000000096e+00
1.863199999999999967e+00 1.194199999999999928e+00
1.884300000000000086e+00 1.624500000000000055e+00
1.959100000000000064e+00 2.108200000000000074e+00
1.620100000000000096e+00 8.225000000000000089e-01
1.978799999999999892e+00 3.252600000000000158e+00
2.119699999999999918e+00 5.056300000000000239e+00
1.559299999999999908e+00 2.240899999999999892e+00
1.833499999999999908e+00 4.230400000000000382e+00
1.255400000000000071e+00 5.613000000000000211e-01
1.610800000000000010e+00 3.305800000000000072e+00
1.429899999999999949e+00 1.923499999999999988e+00
1.355199999999999960e+00 1.450599999999999890e+00
1.668299999999999894e+00 5.297600000000000087e+00
1.241700000000000026e+00 2.607600000000000140e+00
1.213600000000000012e+00 4.749799999999999578e+00
9.635000000000000231e-01 2.926800000000000068e+00
7.843999999999999861e-01 1.367299999999999960e+00
7.153000000000000469e-01 7.278999999999999915e-01
7.589000000000000190e-01 3.297899999999999832e+00
5.291000000000000147e-01 1.701300000000000034e+00
6.649000000000000465e-01 5.201299999999999812e+00
4.979999999999999982e-01 2.239900000000000002e+00
4.642000000000000015e-01 2.826700000000000212e+00
2.977000000000000202e-01 3.375000000000000222e-01
2.561999999999999833e-01 7.449999999999999678e-02
3.825999999999999956e-01 4.085899999999999643e+00
3.568999999999999950e-01 4.732099999999999973e+00
2.767999999999999905e-01 3.403799999999999937e+00
1.499000000000000055e-01 9.724000000000000421e-01
1.360999999999999988e-01 5.405700000000000394e+00
-4.130000000000000338e-02 1.680900000000000061e+00
-2.690000000000000030e-02 4.516799999999999926e+00
-1.053999999999999937e-01 3.886499999999999844e+00
-1.544999999999999984e-01 1.335599999999999898e+00
-2.202999999999999958e-01 2.527899999999999814e+00
-2.268999999999999906e-01 6.554999999999999716e-01
-2.561999999999999833e-01 2.939599999999999991e+00
-3.130999999999999894e-01 5.286400000000000432e+00
-3.018000000000000127e-01 2.369999999999999885e-01
-4.616000000000000103e-01 1.901899999999999924e+00
-6.326000000000000512e-01 9.958000000000000185e-01
-6.805999999999999828e-01 1.535300000000000109e+00
-8.635000000000000453e-01 4.647499999999999964e+00
-8.680999999999999828e-01 5.100699999999999790e+00
-1.038100000000000023e+00 3.313800000000000079e+00
-1.163499999999999979e+00 1.915899999999999936e+00
-1.382500000000000062e+00 4.804899999999999949e+00
-1.410099999999999909e+00 4.419599999999999973e+00
-1.149899999999999922e+00 2.979999999999999871e-01
-1.250199999999999978e+00 1.385799999999999921e+00
-1.505800000000000027e+00 3.055099999999999927e+00
-1.707999999999999963e+00 1.127599999999999936e+00
-2.253200000000000092e+00 4.097000000000000419e+00
-2.421100000000000030e+00 3.670399999999999885e+00
-2.554699999999999971e+00 4.554199999999999804e+00
-2.113999999999999879e+00 1.465899999999999981e+00
-3.815999999999999948e-01 4.962200000000000166e+00
1.075099999999999945e+00 5.084699999999999775e+00
-1.045299999999999896e+00 5.565400000000000347e+00
-8.828000000000000291e-01 2.428900000000000059e+00
-2.251599999999999824e+00 5.519300000000000317e+00
-1.312999999999999945e+00 2.412700000000000067e+00
-5.582000000000000295e-01 5.546199999999999797e+00
8.118999999999999551e-01 4.696699999999999875e+00
3.093000000000000194e-01 5.891000000000000014e+00
-1.223300000000000054e+00 8.559999999999999831e-01
-1.671899999999999942e+00 2.068099999999999827e+00
-2.812999999999999945e-01 5.960700000000000109e+00
-6.780000000000000471e-01 4.036699999999999733e+00
-4.818000000000000060e-01 3.343100000000000183e+00
-1.047600000000000087e+00 4.256999999999999673e+00
-8.618999999999999995e-01 3.095600000000000129e+00
-1.447200000000000042e+00 4.046199999999999797e+00
-3.459999999999999881e-02 2.303700000000000081e+00
