2.219700000000000006e+00 2.744200000000000195e+00
1.744399999999999951e+00 1.201100000000000056e+00
1.751400000000000068e+00 1.541500000000000092e+00
1.933200000000000029e+00 2.057900000000000063e+00
1.275099999999999900e+00 8.710999999999999854e-01
2.044799999999999951e+00 3.256200000000000205e+00
2.000700000000000145e+00 4.807599999999999874e+00
1.555800000000000072e+00 2.245000000000000107e+00
1.683400000000000007e+00 4.120400000000000063e+00
9.151000000000000245e-01 5.070999999999999952e-01
1.625999999999999890e+00 3.341099999999999959e+00
1.420800000000000063e+00 1.898600000000000065e+00
1.389299999999999979e+00 1.420500000000000096e+00
1.670199999999999907e+00 5.249600000000000044e+00
1.103399999999999936e+00 2.195199999999999818e+00
1.262599999999999945e+00 4.605100000000000193e+00
7.324000000000000510e-01 2.431900000000000173e+00
6.272999999999999687e-01 1.115799999999999903e+00
5.482000000000000206e-01 6.985000000000000098e-01
8.487999999999999989e-01 3.672499999999999876e+00
4.183999999999999941e-01 1.440600000000000103e+00
6.986999999999999877e-01 5.142199999999999882e+00
6.045000000000000373e-01 1.875999999999999890e+00
2.993999999999999995e-01 2.301699999999999857e+00
1.751999999999999946e-01 1.171999999999999986e-01
4.623999999999999777e-01 3.868700000000000028e+00
3.004999999999999893e-01 4.727699999999999569e+00
3.870999999999999996e-01 3.232699999999999907e+00
1.000000000000000056e-01 8.663999999999999480e-01
1.126999999999999946e-01 5.397700000000000387e+00
1.290000000000000001e-02 1.611199999999999966e+00
-1.034000000000000058e-01 4.465799999999999770e+00
-4.599999999999999922e-02 3.472700000000000120e+00
-1.262000000000000066e-01 1.263500000000000068e+00
-1.630000000000000060e-01 2.222100000000000186e+00
-2.111000000000000099e-01 3.679000000000000048e-01
-1.572999999999999954e-01 2.842799999999999994e+00
-2.989999999999999880e-01 5.256199999999999761e+00
-5.668999999999999595e-01 1.723200000000000065e+00
-4.890999999999999792e-01 8.695000000000000506e-01
-5.655999999999999917e-01 1.384100000000000108e+00
-8.730999999999999872e-01 4.698900000000000077e+00
-8.478999999999999870e-01 5.066499999999999559e+00
-1.032999999999999918e+00 3.291599999999999859e+00
-1.304200000000000026e+00 1.845699999999999896e+00
-1.389899999999999913e+00 4.751100000000000101e+00
-1.302200000000000024e+00 4.415000000000000036e+00
-7.156000000000000139e-01 2.877000000000000113e-01
-1.133799999999999919e+00 1.297400000000000109e+00
-1.242599999999999927e+00 2.757000000000000117e+00
-1.516399999999999970e+00 8.861999999999999877e-01
-2.285600000000000076e+00 4.071200000000000152e+00
-2.397200000000000220e+00 3.249200000000000088e+00
-2.602899999999999991e+00 4.522800000000000153e+00
-1.980299999999999949e+00 1.401599999999999957e+00
-3.990000000000000213e-01 4.886999999999999567e+00
1.109299999999999953e+00 4.969000000000000306e+00
-1.098600000000000021e+00 5.449300000000000033e+00
-7.077999999999999847e-01 2.137999999999999901e+00
-2.263599999999999834e+00 5.523500000000000298e+00
-1.242499999999999938e+00 2.298900000000000166e+00
-5.544000000000000039e-01 5.514599999999999724e+00
8.225000000000000089e-01 4.687999999999999723e+00
3.700999999999999845e-01 5.916400000000000325e+00
-1.018100000000000005e+00 8.051000000000000378e-01
-1.703000000000000069e+00 2.065700000000000092e+00
-2.837000000000000077e-01 5.977400000000000269e+00
-6.994000000000000217e-01 3.910800000000000054e+00
-4.588999999999999746e-01 3.222500000000000142e+00
-1.062699999999999978e+00 4.198999999999999844e+00
-8.283000000000000362e-01 3.026600000000000179e+00
-1.491900000000000004e+00 3.845400000000000151e+00
3.570000000000000256e-02 2.040599999999999969e+00
