2.242100000000000204e+00 2.726100000000000190e+00
1.813700000000000090e+00 1.212599999999999900e+00
1.833599999999999897e+00 1.539800000000000058e+00
1.926099999999999923e+00 2.065199999999999925e+00
1.416800000000000059e+00 7.828000000000000513e-01
2.012900000000000134e+00 3.274199999999999999e+00
1.986199999999999966e+00 4.907000000000000028e+00
1.554499999999999993e+00 2.242399999999999949e+00
1.774499999999999966e+00 4.160000000000000142e+00
1.012799999999999923e+00 5.410000000000000364e-01
1.643899999999999917e+00 3.344599999999999795e+00
1.431799999999999962e+00 1.930399999999999894e+00
1.400400000000000089e+00 1.469200000000000061e+00
1.675799999999999956e+00 5.279700000000000060e+00
1.147799999999999931e+00 2.265099999999999891e+00
1.253500000000000059e+00 4.641300000000000203e+00
7.643999999999999684e-01 2.488399999999999945e+00
6.903000000000000247e-01 1.203200000000000047e+00
5.865000000000000213e-01 7.366000000000000325e-01
8.406000000000000139e-01 3.662500000000000089e+00
4.653999999999999804e-01 1.527199999999999891e+00
6.931000000000000494e-01 5.161999999999999922e+00
5.872000000000000552e-01 1.996899999999999897e+00
2.429999999999999938e-01 2.462899999999999867e+00
2.235999999999999932e-01 1.723000000000000087e-01
4.823999999999999955e-01 3.987499999999999822e+00
3.044999999999999929e-01 4.735100000000000087e+00
3.487999999999999989e-01 3.324500000000000011e+00
1.068999999999999950e-01 9.076999999999999513e-01
1.277000000000000079e-01 5.404700000000000060e+00
4.000000000000000083e-03 1.643299999999999983e+00
-1.115000000000000019e-01 4.543099999999999916e+00
-2.469999999999999973e-02 3.586800000000000210e+00
-1.607999999999999985e-01 1.295800000000000063e+00
-1.618999999999999884e-01 2.345000000000000195e+00
-1.756999999999999951e-01 4.651000000000000134e-01
-2.167000000000000037e-01 2.876999999999999780e+00
-2.963999999999999968e-01 5.267400000000000304e+00
-5.036000000000000476e-01 1.751200000000000090e+00
-5.157000000000000473e-01 9.338999999999999524e-01
-6.143999999999999462e-01 1.426700000000000079e+00
-8.770999999999999908e-01 4.697600000000000442e+00
-8.601999999999999647e-01 5.071799999999999642e+00
-1.046999999999999931e+00 3.326900000000000190e+00
-1.308999999999999941e+00 1.880300000000000082e+00
-1.365799999999999903e+00 4.796999999999999709e+00
-1.363599999999999923e+00 4.469100000000000072e+00
-8.406000000000000139e-01 2.341000000000000025e-01
-1.166500000000000092e+00 1.398900000000000032e+00
-1.419699999999999962e+00 2.890400000000000080e+00
-1.593199999999999950e+00 9.245999999999999774e-01
-2.284499999999999975e+00 4.142199999999999882e+00
-2.452399999999999913e+00 3.394000000000000128e+00
-2.600800000000000001e+00 4.535400000000000098e+00
-2.059499999999999886e+00 1.417799999999999949e+00
-3.735999999999999877e-01 4.927299999999999791e+00
1.124700000000000033e+00 5.029099999999999682e+00
-1.114400000000000057e+00 5.480199999999999960e+00
-7.148999999999999799e-01 2.234599999999999920e+00
-2.261699999999999822e+00 5.526500000000000412e+00
-1.294000000000000039e+00 2.350200000000000067e+00
-5.574999999999999956e-01 5.519999999999999574e+00
8.154000000000000137e-01 4.695100000000000051e+00
3.700999999999999845e-01 5.915399999999999991e+00
-1.104100000000000081e+00 8.169999999999999485e-01
-1.701500000000000012e+00 2.070100000000000051e+00
-2.838999999999999857e-01 5.976200000000000401e+00
-7.156000000000000139e-01 3.971000000000000085e+00
-4.939999999999999947e-01 3.273499999999999854e+00
-1.050400000000000000e+00 4.238999999999999879e+00
-8.042000000000000259e-01 3.089599999999999902e+00
-1.448800000000000088e+00 3.978899999999999881e+00
4.139999999999999930e-02 2.114799999999999791e+00
