2.262399999999999967e+00 2.696299999999999919e+00
1.849299999999999944e+00 1.194600000000000106e+00
1.878300000000000081e+00 1.601099999999999968e+00
1.916600000000000081e+00 2.072799999999999976e+00
1.565099999999999936e+00 6.823000000000000176e-01
1.998199999999999976e+00 3.259500000000000064e+00
2.032300000000000217e+00 5.000099999999999767e+00
1.554599999999999982e+00 2.235899999999999999e+00
1.829599999999999893e+00 4.206699999999999662e+00
1.141899999999999915e+00 5.413000000000000034e-01
1.646500000000000075e+00 3.321400000000000130e+00
1.432700000000000085e+00 1.936800000000000077e+00
1.369399999999999951e+00 1.482099999999999973e+00
1.679300000000000015e+00 5.292600000000000193e+00
1.155699999999999950e+00 2.438800000000000079e+00
1.241900000000000004e+00 4.678700000000000081e+00
8.460999999999999632e-01 2.583600000000000119e+00
7.701000000000000068e-01 1.325399999999999912e+00
6.484999999999999654e-01 7.358000000000000096e-01
8.217999999999999750e-01 3.550699999999999967e+00
5.168000000000000371e-01 1.631000000000000005e+00
6.773000000000000131e-01 5.187199999999999811e+00
5.089000000000000190e-01 2.171300000000000008e+00
2.551999999999999824e-01 2.640000000000000124e+00
2.943999999999999950e-01 2.394000000000000017e-01
4.385999999999999899e-01 4.078500000000000014e+00
3.136999999999999789e-01 4.732800000000000118e+00
3.634999999999999898e-01 3.383599999999999941e+00
1.165000000000000063e-01 9.537999999999999812e-01
1.418000000000000094e-01 5.402700000000000280e+00
-1.329999999999999932e-02 1.663999999999999924e+00
-7.109999999999999654e-02 4.565400000000000347e+00
-2.680000000000000090e-02 3.755100000000000104e+00
-1.597000000000000086e-01 1.314200000000000035e+00
-1.942000000000000115e-01 2.501500000000000057e+00
-1.580999999999999905e-01 5.727999999999999758e-01
-2.727999999999999869e-01 2.900199999999999889e+00
-3.083000000000000185e-01 5.269199999999999662e+00
-1.081000000000000016e-01 5.920000000000000262e-02
-4.766000000000000236e-01 1.786999999999999922e+00
-5.666999999999999815e-01 9.667999999999999927e-01
-6.515999999999999570e-01 1.491300000000000070e+00
-8.752999999999999670e-01 4.691099999999999604e+00
-8.649999999999999911e-01 5.084299999999999820e+00
-1.042999999999999927e+00 3.330999999999999961e+00
-1.276599999999999957e+00 1.890700000000000047e+00
-1.388400000000000079e+00 4.803200000000000358e+00
-1.386300000000000088e+00 4.473700000000000010e+00
-9.715000000000000302e-01 2.237000000000000099e-01
-1.227899999999999991e+00 1.448199999999999932e+00
-1.541600000000000081e+00 3.034499999999999975e+00
-1.634500000000000064e+00 9.828000000000000069e-01
-2.273600000000000065e+00 4.183699999999999974e+00
-2.459600000000000009e+00 3.526199999999999779e+00
-2.583299999999999930e+00 4.554199999999999804e+00
-2.112299999999999844e+00 1.451500000000000012e+00
-3.695999999999999841e-01 4.959100000000000286e+00
1.106100000000000083e+00 5.068100000000000271e+00
-1.139599999999999946e+00 5.535800000000000054e+00
-7.520999999999999908e-01 2.348300000000000054e+00
-2.258300000000000196e+00 5.525400000000000311e+00
-1.292100000000000026e+00 2.412199999999999900e+00
-5.624000000000000110e-01 5.520699999999999719e+00
8.126999999999999780e-01 4.696500000000000341e+00
3.618000000000000105e-01 5.911500000000000199e+00
-1.189699999999999980e+00 8.262000000000000455e-01
-1.689500000000000002e+00 2.078399999999999803e+00
-2.797999999999999932e-01 5.974700000000000344e+00
-6.974000000000000199e-01 4.021499999999999631e+00
-5.041999999999999815e-01 3.303700000000000081e+00
-1.049500000000000099e+00 4.258300000000000196e+00
-8.064999999999999947e-01 3.110300000000000065e+00
-1.446600000000000108e+00 4.045099999999999696e+00
2.170000000000000054e-02 2.198599999999999888e+00
