2.261200000000000099e+00 2.700600000000000112e+00
1.848300000000000054e+00 1.196900000000000075e+00
1.875299999999999967e+00 1.591299999999999937e+00
1.916700000000000070e+00 2.070100000000000051e+00
1.552799999999999958e+00 6.848999999999999533e-01
1.998299999999999965e+00 3.263100000000000112e+00
2.020999999999999908e+00 4.989799999999999791e+00
1.554599999999999982e+00 2.235899999999999999e+00
1.826600000000000001e+00 4.202899999999999636e+00
1.127099999999999991e+00 5.429000000000000492e-01
1.645699999999999941e+00 3.324300000000000033e+00
1.432700000000000085e+00 1.937000000000000055e+00
1.375299999999999967e+00 1.483500000000000041e+00
1.679000000000000048e+00 5.291500000000000092e+00
1.154600000000000071e+00 2.413199999999999790e+00
1.243400000000000061e+00 4.673199999999999577e+00
8.304000000000000270e-01 2.566300000000000026e+00
7.620999999999999996e-01 1.312699999999999978e+00
6.414999999999999591e-01 7.375000000000000444e-01
8.244000000000000217e-01 3.569799999999999862e+00
5.118000000000000327e-01 1.620100000000000096e+00
6.806999999999999718e-01 5.183399999999999785e+00
5.162999999999999812e-01 2.154300000000000104e+00
2.469000000000000083e-01 2.620000000000000107e+00
2.888000000000000012e-01 2.325000000000000122e-01
4.455999999999999961e-01 4.070800000000000196e+00
3.109999999999999987e-01 4.732599999999999696e+00
3.597000000000000197e-01 3.378200000000000092e+00
1.136999999999999955e-01 9.499999999999999556e-01
1.418000000000000094e-01 5.402700000000000280e+00
-1.179999999999999973e-02 1.662300000000000111e+00
-7.610000000000000098e-02 4.564400000000000013e+00
-2.040000000000000147e-02 3.736800000000000122e+00
-1.610999999999999932e-01 1.311900000000000066e+00
-1.925999999999999934e-01 2.486600000000000144e+00
-1.554999999999999993e-01 5.625000000000000000e-01
-2.671000000000000041e-01 2.896900000000000031e+00
-3.063000000000000167e-01 5.268900000000000361e+00
-1.020999999999999963e-01 4.179999999999999688e-02
-4.783999999999999919e-01 1.779500000000000082e+00
-5.597999999999999643e-01 9.648999999999999799e-01
-6.491999999999999993e-01 1.485000000000000098e+00
-8.750999999999999890e-01 4.692199999999999704e+00
-8.651999999999999691e-01 5.083099999999999952e+00
-1.042999999999999927e+00 3.332199999999999829e+00
-1.282699999999999951e+00 1.890900000000000025e+00
-1.385999999999999899e+00 4.804000000000000270e+00
-1.384900000000000020e+00 4.476700000000000124e+00
-9.572000000000000508e-01 2.218999999999999861e-01
-1.221200000000000063e+00 1.445899999999999963e+00
-1.537900000000000045e+00 3.021599999999999842e+00
-1.631499999999999950e+00 9.752999999999999448e-01
-2.274900000000000144e+00 4.181499999999999773e+00
-2.461300000000000043e+00 3.514699999999999935e+00
-2.584999999999999964e+00 4.553200000000000358e+00
-2.110300000000000065e+00 1.447999999999999954e+00
-3.680999999999999828e-01 4.957399999999999807e+00
1.109499999999999931e+00 5.064400000000000013e+00
-1.140300000000000091e+00 5.528999999999999915e+00
-7.457000000000000295e-01 2.336699999999999999e+00
-2.258799999999999919e+00 5.525500000000000078e+00
-1.294000000000000039e+00 2.406200000000000117e+00
-5.628999999999999559e-01 5.519700000000000273e+00
8.128999999999999559e-01 4.696399999999999686e+00
3.634999999999999898e-01 5.912499999999999645e+00
-1.182700000000000085e+00 8.245999999999999996e-01
-1.690700000000000092e+00 2.078699999999999992e+00
-2.802999999999999936e-01 5.974899999999999878e+00
-7.007999999999999785e-01 4.017900000000000027e+00
-5.059000000000000163e-01 3.301600000000000090e+00
-1.048399999999999999e+00 4.257600000000000051e+00
-8.035999999999999810e-01 3.111099999999999977e+00
-1.445999999999999952e+00 4.042699999999999960e+00
2.900000000000000147e-02 2.189200000000000035e+00
