2.252200000000000202e+00 2.716000000000000192e+00
1.834899999999999975e+00 1.206199999999999939e+00
1.858999999999999986e+00 1.555800000000000072e+00
1.922099999999999920e+00 2.064299999999999802e+00
1.483000000000000096e+00 7.256000000000000227e-01
2.003899999999999793e+00 3.273600000000000065e+00
1.996299999999999963e+00 4.948999999999999844e+00
1.555399999999999894e+00 2.239399999999999835e+00
1.804899999999999949e+00 4.180500000000000327e+00
1.062799999999999967e+00 5.443999999999999950e-01
1.645100000000000007e+00 3.337299999999999933e+00
1.432099999999999929e+00 1.935899999999999954e+00
1.392800000000000038e+00 1.478900000000000103e+00
1.677799999999999958e+00 5.286200000000000010e+00
1.152400000000000091e+00 2.319399999999999906e+00
1.250099999999999989e+00 4.654499999999999638e+00
7.843999999999999861e-01 2.517100000000000115e+00
7.228999999999999870e-01 1.252499999999999947e+00
6.098000000000000087e-01 7.412999999999999590e-01
8.335000000000000187e-01 3.632000000000000117e+00
4.882000000000000228e-01 1.568300000000000027e+00
6.889999999999999458e-01 5.172200000000000131e+00
5.557999999999999607e-01 2.067899999999999849e+00
2.310999999999999999e-01 2.536500000000000199e+00
2.556999999999999829e-01 1.990999999999999992e-01
4.711000000000000187e-01 4.030100000000000016e+00
3.085999999999999854e-01 4.733600000000000030e+00
3.478999999999999870e-01 3.352899999999999991e+00
1.067000000000000032e-01 9.307999999999999607e-01
1.333000000000000018e-01 5.405199999999999783e+00
-3.500000000000000073e-03 1.653100000000000014e+00
-9.750000000000000333e-02 4.559899999999999842e+00
-1.510000000000000057e-02 3.652000000000000135e+00
-1.650999999999999968e-01 1.303199999999999914e+00
-1.761999999999999955e-01 2.405600000000000183e+00
-1.597999999999999976e-01 5.109000000000000208e-01
-2.412999999999999867e-01 2.886200000000000099e+00
-2.998000000000000109e-01 5.266799999999999926e+00
-4.857000000000000206e-01 1.758999999999999897e+00
-5.365999999999999659e-01 9.546000000000000041e-01
-6.307000000000000384e-01 1.452399999999999913e+00
-8.741999999999999771e-01 4.695000000000000284e+00
-8.638000000000000123e-01 5.076999999999999957e+00
-1.044399999999999995e+00 3.334400000000000031e+00
-1.300699999999999967e+00 1.889499999999999957e+00
-1.373799999999999910e+00 4.807599999999999874e+00
-1.377499999999999947e+00 4.482999999999999652e+00
-8.948000000000000398e-01 2.215000000000000024e-01
-1.187799999999999967e+00 1.429799999999999960e+00
-1.488599999999999923e+00 2.952599999999999891e+00
-1.614700000000000024e+00 9.452000000000000401e-01
-2.277800000000000047e+00 4.164600000000000080e+00
-2.461399999999999810e+00 3.454299999999999926e+00
-2.595499999999999918e+00 4.541000000000000369e+00
-2.087299999999999933e+00 1.431200000000000028e+00
-3.659999999999999920e-01 4.944799999999999862e+00
1.121499999999999941e+00 5.047299999999999898e+00
-1.128900000000000015e+00 5.496699999999999697e+00
-7.245000000000000329e-01 2.282599999999999962e+00
-2.260699999999999932e+00 5.526799999999999713e+00
-1.299800000000000066e+00 2.376399999999999846e+00
-5.611000000000000432e-01 5.519800000000000040e+00
8.141000000000000458e-01 4.695800000000000196e+00
3.684000000000000052e-01 5.915199999999999569e+00
-1.143199999999999994e+00 8.201000000000000512e-01
-1.699100000000000055e+00 2.071600000000000108e+00
-2.827000000000000068e-01 5.975999999999999979e+00
-7.107999999999999874e-01 3.996900000000000119e+00
-5.028000000000000247e-01 3.290299999999999780e+00
-1.047800000000000065e+00 4.249100000000000321e+00
-7.990000000000000435e-01 3.105399999999999938e+00
-1.441899999999999959e+00 4.017400000000000304e+00
4.519999999999999712e-02 2.148699999999999832e+00
