2.231500000000000039e+00 2.734100000000000197e+00
1.780999999999999917e+00 1.212199999999999944e+00
1.796200000000000019e+00 1.536000000000000032e+00
1.931100000000000039e+00 2.065799999999999859e+00
1.345800000000000107e+00 8.368999999999999773e-01
2.028599999999999959e+00 3.268200000000000216e+00
1.989100000000000090e+00 4.854800000000000004e+00
1.553900000000000059e+00 2.245400000000000063e+00
1.731700000000000017e+00 4.138099999999999667e+00
9.643000000000000460e-01 5.301000000000000156e-01
1.637899999999999912e+00 3.346999999999999975e+00
1.430500000000000105e+00 1.917399999999999993e+00
1.402500000000000080e+00 1.449000000000000066e+00
1.673000000000000043e+00 5.268099999999999561e+00
1.133299999999999974e+00 2.225900000000000212e+00
1.257800000000000029e+00 4.621299999999999741e+00
7.485000000000000542e-01 2.461100000000000065e+00
6.585999999999999632e-01 1.157999999999999918e+00
5.658999999999999586e-01 7.220999999999999641e-01
8.439999999999999725e-01 3.677999999999999936e+00
4.413000000000000256e-01 1.485400000000000054e+00
6.979999999999999538e-01 5.151799999999999713e+00
6.046000000000000263e-01 1.933000000000000052e+00
2.711000000000000076e-01 2.384100000000000108e+00
1.975999999999999979e-01 1.441000000000000059e-01
4.789999999999999813e-01 3.931400000000000006e+00
3.014999999999999902e-01 4.734499999999999709e+00
3.619999999999999885e-01 3.281499999999999861e+00
1.035999999999999976e-01 8.860999999999999988e-01
1.232000000000000040e-01 5.403100000000000236e+00
1.069999999999999944e-02 1.629099999999999993e+00
-1.160999999999999949e-01 4.511400000000000077e+00
-3.910000000000000281e-02 3.530400000000000205e+00
-1.463000000000000134e-01 1.281600000000000072e+00
-1.562999999999999945e-01 2.285000000000000142e+00
-1.955000000000000071e-01 4.153999999999999915e-01
-1.877999999999999947e-01 2.863399999999999945e+00
-2.963000000000000078e-01 5.266399999999999970e+00
-5.326999999999999513e-01 1.744299999999999962e+00
-4.999000000000000110e-01 9.036999999999999478e-01
-5.937000000000000055e-01 1.403699999999999948e+00
-8.780000000000000027e-01 4.697600000000000442e+00
-8.517000000000000126e-01 5.072000000000000064e+00
-1.045800000000000063e+00 3.311100000000000154e+00
-1.307500000000000107e+00 1.867599999999999927e+00
-1.368600000000000039e+00 4.776500000000000412e+00
-1.320300000000000029e+00 4.432000000000000384e+00
-7.802999999999999936e-01 2.574000000000000177e-01
-1.147299999999999986e+00 1.355099999999999971e+00
-1.330899999999999972e+00 2.824699999999999989e+00
-1.559600000000000097e+00 9.025999999999999579e-01
-2.286599999999999966e+00 4.113800000000000345e+00
-2.432199999999999918e+00 3.326000000000000068e+00
-2.602899999999999991e+00 4.530499999999999972e+00
-2.025100000000000122e+00 1.407299999999999995e+00
-3.815000000000000058e-01 4.910599999999999632e+00
1.120900000000000007e+00 5.002900000000000347e+00
-1.101799999999999891e+00 5.466800000000000104e+00
-7.109999999999999654e-01 2.184899999999999842e+00
-2.262399999999999967e+00 5.525900000000000034e+00
-1.275400000000000089e+00 2.323900000000000077e+00
-5.552000000000000268e-01 5.517599999999999838e+00
8.181000000000000494e-01 4.693599999999999994e+00
3.706999999999999740e-01 5.915799999999999947e+00
-1.061399999999999899e+00 8.117999999999999661e-01
-1.701799999999999979e+00 2.070300000000000029e+00
-2.842999999999999972e-01 5.976300000000000168e+00
-7.125000000000000222e-01 3.940700000000000092e+00
-4.808999999999999941e-01 3.251900000000000013e+00
-1.054899999999999949e+00 4.221099999999999852e+00
-8.153000000000000247e-01 3.060799999999999965e+00
-1.463600000000000012e+00 3.919200000000000017e+00
3.359999999999999792e-02 2.080000000000000071e+00
