2.238900000000000112e+00 2.660200000000000120e+00
1.857599999999999918e+00 1.191999999999999948e+00
1.892800000000000038e+00 1.624900000000000011e+00
1.951300000000000034e+00 2.095699999999999896e+00
1.610300000000000065e+00 7.579000000000000181e-01
2.013100000000000112e+00 3.228499999999999925e+00
2.103099999999999969e+00 5.055799999999999628e+00
1.556699999999999973e+00 2.234999999999999876e+00
1.838300000000000045e+00 4.229400000000000048e+00
1.230599999999999916e+00 5.389000000000000457e-01
1.634900000000000020e+00 3.305499999999999883e+00
1.431799999999999962e+00 1.931400000000000006e+00
1.354500000000000037e+00 1.455200000000000049e+00
1.680199999999999916e+00 5.292900000000000382e+00
1.195899999999999963e+00 2.602500000000000036e+00
1.231800000000000006e+00 4.709999999999999964e+00
9.656000000000000139e-01 2.786399999999999988e+00
8.026999999999999691e-01 1.376300000000000079e+00
6.975000000000000089e-01 7.258000000000000007e-01
7.844999999999999751e-01 3.324699999999999989e+00
5.291000000000000147e-01 1.687400000000000011e+00
6.635999999999999677e-01 5.199399999999999800e+00
4.923000000000000154e-01 2.232299999999999951e+00
3.997999999999999887e-01 2.786300000000000221e+00
3.029999999999999916e-01 2.931000000000000272e-01
1.917999999999999983e-01 1.729999999999999941e-02
3.917999999999999816e-01 4.093799999999999883e+00
3.351999999999999980e-01 4.739600000000000257e+00
3.542000000000000148e-01 3.400599999999999845e+00
1.441999999999999948e-01 9.668999999999999817e-01
1.395000000000000129e-01 5.403599999999999959e+00
-2.910000000000000087e-02 1.675499999999999989e+00
-4.429999999999999910e-02 4.549000000000000377e+00
-8.970000000000000195e-02 3.856300000000000061e+00
-1.499000000000000055e-01 1.328600000000000003e+00
-2.071999999999999953e-01 2.527400000000000091e+00
-2.084000000000000019e-01 6.372999999999999776e-01
-2.837000000000000077e-01 2.937399999999999789e+00
-3.129000000000000115e-01 5.277000000000000135e+00
-2.091000000000000081e-01 1.791999999999999982e-01
-4.552999999999999825e-01 1.863599999999999923e+00
-6.137000000000000233e-01 9.805000000000000382e-01
-6.706999999999999629e-01 1.523300000000000098e+00
-8.700999999999999845e-01 4.676800000000000068e+00
-8.657000000000000250e-01 5.099300000000000388e+00
-1.044699999999999962e+00 3.309000000000000163e+00
-1.211300000000000043e+00 1.890500000000000069e+00
-1.397299999999999986e+00 4.803799999999999848e+00
-1.393999999999999906e+00 4.444200000000000372e+00
-1.081800000000000095e+00 2.752000000000000002e-01
-1.268599999999999950e+00 1.427699999999999969e+00
-1.524399999999999977e+00 3.060599999999999987e+00
-1.684800000000000075e+00 1.069700000000000095e+00
-2.260600000000000165e+00 4.162899999999999601e+00
-2.427500000000000213e+00 3.633500000000000174e+00
-2.559299999999999908e+00 4.558500000000000441e+00
-2.111400000000000166e+00 1.463300000000000045e+00
-3.809000000000000163e-01 4.956999999999999851e+00
1.080999999999999961e+00 5.083700000000000330e+00
-1.077800000000000091e+00 5.576699999999999768e+00
-8.322000000000000508e-01 2.412500000000000089e+00
-2.254500000000000171e+00 5.522999999999999687e+00
-1.295800000000000063e+00 2.436599999999999877e+00
-5.591000000000000414e-01 5.535300000000000331e+00
8.116999999999999771e-01 4.696799999999999642e+00
3.420000000000000262e-01 5.898799999999999599e+00
-1.219799999999999995e+00 8.487000000000000099e-01
-1.675899999999999945e+00 2.073199999999999932e+00
-2.782999999999999918e-01 5.969299999999999606e+00
-6.782000000000000250e-01 4.035300000000000331e+00
-4.950999999999999845e-01 3.322400000000000020e+00
-1.052000000000000046e+00 4.261000000000000121e+00
-8.414000000000000368e-01 3.097799999999999887e+00
-1.460700000000000109e+00 4.049100000000000144e+00
-3.810000000000000192e-02 2.265400000000000080e+00
