2.263999999999999790e+00 2.691399999999999793e+00
1.849900000000000100e+00 1.193200000000000038e+00
1.882100000000000106e+00 1.608700000000000019e+00
1.917399999999999993e+00 2.075600000000000112e+00
1.575599999999999890e+00 6.823000000000000176e-01
1.999600000000000044e+00 3.255900000000000016e+00
2.043200000000000127e+00 5.009900000000000020e+00
1.554699999999999971e+00 2.236000000000000210e+00
1.831800000000000095e+00 4.210799999999999876e+00
1.155499999999999972e+00 5.397999999999999465e-01
1.646400000000000086e+00 3.318700000000000205e+00
1.432700000000000085e+00 1.936500000000000110e+00
1.365499999999999936e+00 1.480399999999999938e+00
1.679400000000000004e+00 5.293599999999999639e+00
1.157299999999999995e+00 2.464399999999999924e+00
1.240699999999999914e+00 4.682100000000000151e+00
8.609999999999999876e-01 2.600600000000000023e+00
7.772000000000000020e-01 1.336300000000000043e+00
6.552000000000000046e-01 7.338999999999999968e-01
8.189999999999999503e-01 3.529900000000000038e+00
5.201999999999999957e-01 1.641599999999999948e+00
6.757999999999999563e-01 5.189400000000000013e+00
5.024999999999999467e-01 2.185900000000000176e+00
2.651999999999999913e-01 2.658999999999999808e+00
2.977000000000000202e-01 2.464999999999999969e-01
4.318000000000000171e-01 4.084200000000000053e+00
3.134000000000000119e-01 4.732800000000000118e+00
3.672000000000000264e-01 3.387999999999999901e+00
1.194999999999999951e-01 9.562000000000000499e-01
1.416999999999999926e-01 5.402700000000000280e+00
-1.519999999999999997e-02 1.665899999999999936e+00
-6.679999999999999827e-02 4.565299999999999692e+00
-3.509999999999999926e-02 3.771199999999999886e+00
-1.575999999999999901e-01 1.315800000000000081e+00
-1.945000000000000062e-01 2.513799999999999812e+00
-1.617000000000000104e-01 5.822000000000000508e-01
-2.771000000000000130e-01 2.903799999999999937e+00
-3.095999999999999863e-01 5.269599999999999618e+00
-1.159000000000000030e-01 7.449999999999999678e-02
-4.742999999999999994e-01 1.795099999999999918e+00
-5.728999999999999648e-01 9.681999999999999496e-01
-6.539000000000000368e-01 1.496599999999999930e+00
-8.754999999999999449e-01 4.690100000000000158e+00
-8.650999999999999801e-01 5.086199999999999832e+00
-1.042399999999999993e+00 3.327599999999999891e+00
-1.270000000000000018e+00 1.890400000000000080e+00
-1.391399999999999970e+00 4.803399999999999892e+00
-1.387599999999999945e+00 4.470399999999999707e+00
-9.845000000000000417e-01 2.278000000000000025e-01
-1.234599999999999920e+00 1.449300000000000033e+00
-1.542999999999999927e+00 3.045300000000000118e+00
-1.637599999999999945e+00 9.917000000000000259e-01
-2.272299999999999986e+00 4.185399999999999565e+00
-2.456300000000000150e+00 3.539699999999999847e+00
-2.580900000000000194e+00 4.554999999999999716e+00
-2.112999999999999989e+00 1.454499999999999904e+00
-3.708000000000000185e-01 4.960799999999999876e+00
1.102500000000000036e+00 5.071600000000000108e+00
-1.137299999999999978e+00 5.542600000000000193e+00
-7.590999999999999970e-01 2.358800000000000008e+00
-2.257899999999999796e+00 5.525400000000000311e+00
-1.292200000000000015e+00 2.417199999999999793e+00
-5.618999999999999551e-01 5.521700000000000053e+00
8.125000000000000000e-01 4.696500000000000341e+00
3.598000000000000087e-01 5.910400000000000098e+00
-1.195799999999999974e+00 8.279999999999999583e-01
-1.687599999999999989e+00 2.078199999999999825e+00
-2.795000000000000262e-01 5.974599999999999689e+00
-6.935999999999999943e-01 4.025400000000000311e+00
-5.042999999999999705e-01 3.305899999999999839e+00
-1.050300000000000011e+00 4.259199999999999875e+00
-8.098999999999999533e-01 3.109199999999999964e+00
-1.449000000000000066e+00 4.047799999999999621e+00
1.299999999999999940e-02 2.207599999999999785e+00
