2.245400000000000063e+00 2.722900000000000098e+00
1.821900000000000075e+00 1.211000000000000076e+00
1.843499999999999917e+00 1.543900000000000050e+00
1.924500000000000099e+00 2.064299999999999802e+00
1.439599999999999991e+00 7.619000000000000217e-01
2.009300000000000086e+00 3.274500000000000188e+00
1.987999999999999989e+00 4.923000000000000043e+00
1.554899999999999949e+00 2.241400000000000059e+00
1.785700000000000065e+00 4.167300000000000004e+00
1.029199999999999893e+00 5.427999999999999492e-01
1.644099999999999895e+00 3.342799999999999994e+00
1.432099999999999929e+00 1.932500000000000107e+00
1.398800000000000043e+00 1.473400000000000043e+00
1.676600000000000090e+00 5.282300000000000217e+00
1.150199999999999889e+00 2.281400000000000095e+00
1.252899999999999903e+00 4.646300000000000097e+00
7.700000000000000178e-01 2.497599999999999820e+00
7.016000000000000014e-01 1.218900000000000095e+00
5.937999999999999945e-01 7.392999999999999572e-01
8.387000000000000011e-01 3.653799999999999937e+00
4.731000000000000205e-01 1.541099999999999914e+00
6.915000000000000036e-01 5.165199999999999569e+00
5.776999999999999913e-01 2.020199999999999996e+00
2.368999999999999995e-01 2.488300000000000178e+00
2.344999999999999862e-01 1.809000000000000052e-01
4.799999999999999822e-01 4.003400000000000070e+00
3.050999999999999823e-01 4.734700000000000131e+00
3.473999999999999866e-01 3.335399999999999920e+00
1.078999999999999959e-01 9.141000000000000236e-01
1.290000000000000036e-01 5.404700000000000060e+00
1.299999999999999940e-03 1.646900000000000031e+00
-1.079999999999999988e-01 4.549999999999999822e+00
-2.050000000000000086e-02 3.606799999999999784e+00
-1.642000000000000126e-01 1.299299999999999899e+00
-1.658000000000000029e-01 2.365000000000000213e+00
-1.690000000000000113e-01 4.806000000000000272e-01
-2.255000000000000060e-01 2.880599999999999827e+00
-2.973999999999999977e-01 5.266899999999999693e+00
-4.955999999999999850e-01 1.752999999999999892e+00
-5.225999999999999535e-01 9.422000000000000375e-01
-6.207000000000000295e-01 1.435200000000000031e+00
-8.763999999999999568e-01 4.697000000000000064e+00
-8.617000000000000215e-01 5.073199999999999932e+00
-1.045600000000000085e+00 3.330200000000000049e+00
-1.306899999999999951e+00 1.883399999999999963e+00
-1.367699999999999916e+00 4.801800000000000068e+00
-1.376200000000000090e+00 4.481700000000000017e+00
-8.597000000000000197e-01 2.283000000000000029e-01
-1.173699999999999966e+00 1.410400000000000098e+00
-1.444700000000000095e+00 2.911099999999999799e+00
-1.601799999999999891e+00 9.315999999999999837e-01
-2.282000000000000028e+00 4.150500000000000078e+00
-2.456399999999999917e+00 3.415299999999999780e+00
-2.599899999999999878e+00 4.535599999999999632e+00
-2.069300000000000139e+00 1.422099999999999920e+00
-3.713000000000000189e-01 4.933099999999999596e+00
1.124300000000000077e+00 5.035899999999999821e+00
-1.119399999999999951e+00 5.484799999999999898e+00
-7.171999999999999487e-01 2.250900000000000123e+00
-2.261400000000000077e+00 5.526699999999999946e+00
-1.297500000000000098e+00 2.359199999999999964e+00
-5.585999999999999854e-01 5.520400000000000418e+00
8.148999999999999577e-01 4.695299999999999585e+00
3.696999999999999731e-01 5.915399999999999991e+00
-1.117399999999999949e+00 8.178999999999999604e-01
-1.701100000000000056e+00 2.069599999999999884e+00
-2.836000000000000187e-01 5.976099999999999746e+00
-7.143000000000000460e-01 3.980399999999999938e+00
-4.980999999999999872e-01 3.279700000000000060e+00
-1.049600000000000088e+00 4.243199999999999861e+00
-8.014000000000000012e-01 3.096299999999999830e+00
-1.446299999999999919e+00 3.994099999999999984e+00
4.379999999999999866e-02 2.126199999999999868e+00
