2.249200000000000088e+00 2.719399999999999817e+00
1.829099999999999948e+00 1.208700000000000108e+00
1.852200000000000069e+00 1.549400000000000110e+00
1.923300000000000010e+00 2.064099999999999824e+00
1.461899999999999977e+00 7.429000000000000048e-01
2.006200000000000205e+00 3.274300000000000210e+00
1.991900000000000004e+00 4.936499999999999666e+00
1.555199999999999916e+00 2.240099999999999980e+00
1.795700000000000074e+00 4.174100000000000144e+00
1.045900000000000052e+00 5.441000000000000281e-01
1.644600000000000062e+00 3.340500000000000025e+00
1.431899999999999951e+00 1.934600000000000097e+00
1.396300000000000097e+00 1.476499999999999924e+00
1.677300000000000013e+00 5.284600000000000186e+00
1.151699999999999946e+00 2.299500000000000099e+00
1.251300000000000079e+00 4.650800000000000267e+00
7.772000000000000020e-01 2.507800000000000029e+00
7.123000000000000442e-01 1.235500000000000043e+00
6.018000000000000016e-01 7.408000000000000140e-01
8.359999999999999654e-01 3.643600000000000172e+00
4.811000000000000276e-01 1.554499999999999993e+00
6.901000000000000467e-01 5.168899999999999828e+00
5.669999999999999485e-01 2.044399999999999995e+00
2.326999999999999902e-01 2.513100000000000112e+00
2.452000000000000013e-01 1.900000000000000022e-01
4.761000000000000232e-01 4.017199999999999882e+00
3.071999999999999731e-01 4.733900000000000219e+00
3.468999999999999861e-01 3.345000000000000195e+00
1.071000000000000008e-01 9.227999999999999536e-01
1.308999999999999886e-01 5.405100000000000016e+00
-8.999999999999999754e-04 1.650199999999999889e+00
-1.029000000000000054e-01 4.555600000000000094e+00
-1.729999999999999941e-02 3.629500000000000171e+00
-1.653000000000000025e-01 1.301199999999999912e+00
-1.706999999999999906e-01 2.384900000000000020e+00
-1.637000000000000122e-01 4.959000000000000075e-01
-2.333000000000000074e-01 2.883599999999999941e+00
-2.984999999999999876e-01 5.266600000000000392e+00
-4.893000000000000127e-01 1.755400000000000071e+00
-5.295999999999999597e-01 9.488999999999999657e-01
-6.266000000000000458e-01 1.443599999999999994e+00
-8.756000000000000449e-01 4.695999999999999730e+00
-8.629999999999999893e-01 5.074900000000000411e+00
-1.045199999999999907e+00 3.332599999999999785e+00
-1.304499999999999993e+00 1.886900000000000022e+00
-1.370800000000000018e+00 4.805299999999999905e+00
-1.376800000000000024e+00 4.482499999999999929e+00
-8.776000000000000467e-01 2.243999999999999884e-01
-1.181000000000000050e+00 1.420299999999999896e+00
-1.467799999999999994e+00 2.931900000000000173e+00
-1.608800000000000008e+00 9.385000000000000009e-01
-2.280499999999999972e+00 4.157399999999999984e+00
-2.459200000000000053e+00 3.436100000000000154e+00
-2.597500000000000142e+00 4.538199999999999790e+00
-2.078399999999999803e+00 1.426500000000000101e+00
-3.689999999999999947e-01 4.938299999999999912e+00
1.123199999999999976e+00 5.041500000000000092e+00
-1.124300000000000077e+00 5.490300000000000402e+00
-7.205000000000000293e-01 2.266999999999999904e+00
-2.261000000000000121e+00 5.526699999999999946e+00
-1.299199999999999910e+00 2.367900000000000116e+00
-5.597999999999999643e-01 5.520299999999999763e+00
8.145000000000000018e-01 4.695599999999999774e+00
3.690999999999999837e-01 5.915300000000000225e+00
-1.130700000000000038e+00 8.189999999999999503e-01
-1.700199999999999934e+00 2.070500000000000007e+00
-2.832000000000000073e-01 5.976099999999999746e+00
-7.128999999999999782e-01 3.989300000000000068e+00
-5.007000000000000339e-01 3.285099999999999909e+00
-1.048399999999999999e+00 4.246900000000000119e+00
-7.997999999999999554e-01 3.101100000000000190e+00
-1.444199999999999928e+00 4.006400000000000183e+00
4.660000000000000253e-02 2.137500000000000178e+00
