2.260499999999999954e+00 2.667699999999999960e+00
1.855399999999999938e+00 1.191599999999999993e+00
1.894400000000000084e+00 1.627399999999999958e+00
1.939200000000000035e+00 2.087099999999999955e+00
1.602700000000000014e+00 7.168999999999999817e-01
2.012399999999999967e+00 3.241200000000000081e+00
2.089399999999999924e+00 5.046000000000000263e+00
1.556599999999999984e+00 2.236899999999999888e+00
1.838500000000000023e+00 4.225399999999999601e+00
1.209000000000000075e+00 5.369000000000000439e-01
1.641899999999999915e+00 3.312800000000000189e+00
1.433899999999999952e+00 1.933100000000000041e+00
1.355599999999999916e+00 1.462099999999999955e+00
1.679499999999999993e+00 5.293999999999999595e+00
1.177200000000000024e+00 2.571600000000000108e+00
1.235700000000000021e+00 4.703800000000000203e+00
9.377999999999999670e-01 2.712400000000000144e+00
7.992000000000000215e-01 1.369499999999999940e+00
6.841000000000000414e-01 7.281999999999999584e-01
8.014999999999999902e-01 3.402299999999999880e+00
5.282000000000000028e-01 1.677699999999999969e+00
6.663000000000000034e-01 5.199900000000000411e+00
4.894999999999999907e-01 2.222999999999999865e+00
3.441000000000000170e-01 2.744600000000000151e+00
3.042000000000000259e-01 2.755000000000000226e-01
4.058999999999999830e-01 4.095900000000000318e+00
3.242999999999999772e-01 4.738000000000000433e+00
3.674000000000000044e-01 3.398899999999999810e+00
1.348000000000000032e-01 9.666000000000000147e-01
1.403999999999999970e-01 5.402800000000000047e+00
-2.409999999999999989e-02 1.671999999999999931e+00
-5.160000000000000003e-02 4.554499999999999993e+00
-7.710000000000000187e-02 3.834999999999999964e+00
-1.527000000000000024e-01 1.324300000000000033e+00
-2.005000000000000115e-01 2.536000000000000032e+00
-1.902999999999999969e-01 6.219000000000000083e-01
-2.858999999999999875e-01 2.929300000000000015e+00
-3.130000000000000004e-01 5.273200000000000109e+00
-1.706999999999999906e-01 1.436000000000000054e-01
-4.586999999999999966e-01 1.838799999999999990e+00
-5.999999999999999778e-01 9.737999999999999989e-01
-6.655999999999999694e-01 1.515200000000000102e+00
-8.722999999999999643e-01 4.683200000000000252e+00
-8.642999999999999572e-01 5.093099999999999739e+00
-1.044200000000000017e+00 3.311100000000000154e+00
-1.232399999999999940e+00 1.887999999999999901e+00
-1.398800000000000043e+00 4.803499999999999659e+00
-1.393699999999999939e+00 4.451800000000000423e+00
-1.049500000000000099e+00 2.548000000000000265e-01
-1.262399999999999967e+00 1.438099999999999934e+00
-1.534599999999999964e+00 3.063600000000000101e+00
-1.665999999999999925e+00 1.039500000000000091e+00
-2.265899999999999803e+00 4.178200000000000358e+00
-2.437300000000000022e+00 3.598899999999999988e+00
-2.569100000000000161e+00 4.554700000000000415e+00
-2.112600000000000033e+00 1.461600000000000010e+00
-3.765999999999999903e-01 4.960499999999999687e+00
1.087299999999999933e+00 5.081100000000000172e+00
-1.102600000000000025e+00 5.572400000000000020e+00
-8.043000000000000149e-01 2.399500000000000188e+00
-2.255900000000000016e+00 5.524499999999999744e+00
-1.293800000000000061e+00 2.433800000000000185e+00
-5.602000000000000313e-01 5.530000000000000249e+00
8.120000000000000551e-01 4.696699999999999875e+00
3.492999999999999994e-01 5.904200000000000337e+00
-1.215899999999999981e+00 8.399999999999999689e-01
-1.679599999999999982e+00 2.074600000000000222e+00
-2.782000000000000028e-01 5.971099999999999852e+00
-6.813000000000000167e-01 4.034399999999999764e+00
-5.002999999999999670e-01 3.314999999999999947e+00
-1.053500000000000103e+00 4.262699999999999712e+00
-8.299999999999999600e-01 3.100800000000000001e+00
-1.457400000000000029e+00 4.050699999999999967e+00
-2.369999999999999885e-02 2.245899999999999785e+00
