2.203500000000000014e+00 2.755399999999999849e+00
1.705000000000000071e+00 1.173699999999999966e+00
1.698399999999999910e+00 1.550999999999999934e+00
1.926199999999999912e+00 2.042300000000000004e+00
1.214199999999999946e+00 8.853999999999999648e-01
2.054300000000000015e+00 3.248800000000000132e+00
2.003299999999999859e+00 4.752699999999999925e+00
1.556200000000000028e+00 2.241600000000000037e+00
1.637499999999999956e+00 4.105900000000000105e+00
8.661999999999999700e-01 4.702999999999999958e-01
1.607299999999999951e+00 3.327199999999999935e+00
1.397899999999999920e+00 1.879899999999999904e+00
1.357299999999999951e+00 1.391799999999999926e+00
1.668400000000000105e+00 5.223799999999999777e+00
1.057900000000000063e+00 2.171699999999999964e+00
1.272699999999999942e+00 4.583400000000000141e+00
7.134000000000000341e-01 2.405400000000000205e+00
5.964000000000000412e-01 1.074300000000000033e+00
5.299000000000000377e-01 6.692000000000000171e-01
8.574000000000000510e-01 3.645900000000000141e+00
3.996000000000000107e-01 1.395999999999999908e+00
6.965000000000000080e-01 5.130300000000000082e+00
5.920999999999999597e-01 1.828300000000000036e+00
3.202999999999999736e-01 2.226599999999999913e+00
1.650999999999999968e-01 8.210000000000000631e-02
4.360999999999999877e-01 3.811999999999999833e+00
3.004999999999999893e-01 4.719999999999999751e+00
4.141000000000000236e-01 3.185299999999999798e+00
9.030000000000000526e-02 8.464000000000000412e-01
1.042000000000000010e-01 5.386000000000000121e+00
8.699999999999999400e-03 1.586300000000000043e+00
-7.240000000000000602e-02 4.412099999999999689e+00
-4.580000000000000043e-02 3.409800000000000164e+00
-1.096000000000000030e-01 1.243200000000000083e+00
-1.700000000000000122e-01 2.165599999999999969e+00
-2.152999999999999914e-01 3.276999999999999913e-01
-1.330999999999999961e-01 2.810500000000000220e+00
-3.076999999999999735e-01 5.237599999999999589e+00
-6.062999999999999501e-01 1.696800000000000086e+00
-4.778999999999999915e-01 8.345000000000000195e-01
-5.343999999999999861e-01 1.360899999999999999e+00
-8.651999999999999691e-01 4.700800000000000090e+00
-8.435000000000000275e-01 5.059199999999999697e+00
-1.005100000000000104e+00 3.270399999999999974e+00
-1.287199999999999900e+00 1.815199999999999925e+00
-1.429699999999999971e+00 4.717900000000000205e+00
-1.300899999999999945e+00 4.405700000000000394e+00
-6.623999999999999888e-01 3.143000000000000238e-01
-1.118800000000000017e+00 1.240199999999999969e+00
-1.175100000000000033e+00 2.683800000000000185e+00
-1.470499999999999918e+00 8.769000000000000128e-01
-2.277400000000000091e+00 4.015699999999999825e+00
-2.347399999999999931e+00 3.166799999999999837e+00
-2.600999999999999979e+00 4.516099999999999781e+00
-1.930199999999999916e+00 1.399799999999999933e+00
-4.152000000000000135e-01 4.850399999999999601e+00
1.094200000000000061e+00 4.941200000000000259e+00
-1.099800000000000111e+00 5.427299999999999791e+00
-7.008999999999999675e-01 2.100200000000000067e+00
-2.264699999999999935e+00 5.518600000000000172e+00
-1.199899999999999967e+00 2.279500000000000082e+00
-5.541000000000000369e-01 5.511300000000000310e+00
8.290999999999999481e-01 4.675699999999999967e+00
3.677000000000000268e-01 5.916999999999999815e+00
-9.775000000000000355e-01 7.952000000000000179e-01
-1.699600000000000000e+00 2.065500000000000114e+00
-2.823999999999999844e-01 5.978799999999999670e+00
-6.725999999999999757e-01 3.879399999999999959e+00
-4.371999999999999775e-01 3.179300000000000015e+00
-1.072699999999999987e+00 4.169900000000000162e+00
-8.398999999999999799e-01 2.991000000000000103e+00
-1.532000000000000028e+00 3.777800000000000047e+00
4.420000000000000318e-02 1.996399999999999952e+00
