2.238500000000000156e+00 2.728899999999999881e+00
1.803900000000000059e+00 1.213600000000000012e+00
1.822100000000000053e+00 1.537199999999999900e+00
1.927899999999999947e+00 2.065900000000000070e+00
1.393899999999999917e+00 8.030000000000000471e-01
2.017700000000000049e+00 3.273299999999999876e+00
1.985500000000000043e+00 4.889800000000000146e+00
1.554100000000000037e+00 2.243500000000000050e+00
1.761300000000000088e+00 4.152899999999999814e+00
9.966000000000000414e-01 5.382000000000000117e-01
1.642600000000000060e+00 3.346200000000000063e+00
1.431799999999999962e+00 1.926900000000000057e+00
1.401999999999999913e+00 1.463799999999999990e+00
1.674900000000000055e+00 5.276399999999999757e+00
1.144200000000000106e+00 2.250500000000000167e+00
1.254399999999999959e+00 4.635100000000000442e+00
7.581999999999999851e-01 2.479099999999999859e+00
6.794999999999999929e-01 1.187899999999999956e+00
5.793000000000000371e-01 7.328999999999999959e-01
8.417999999999999927e-01 3.669799999999999951e+00
4.572999999999999843e-01 1.513400000000000079e+00
6.948999999999999622e-01 5.158999999999999808e+00
5.948999999999999844e-01 1.974599999999999911e+00
2.511999999999999789e-01 2.437100000000000044e+00
2.146000000000000130e-01 1.632000000000000117e-01
4.830999999999999739e-01 3.970899999999999874e+00
3.034000000000000030e-01 4.735599999999999810e+00
3.518000000000000016e-01 3.311399999999999899e+00
1.057000000000000023e-01 9.004999999999999671e-01
1.267999999999999960e-01 5.404600000000000293e+00
6.400000000000000307e-03 1.639000000000000012e+00
-1.137999999999999984e-01 4.534299999999999997e+00
-2.980000000000000010e-02 3.567299999999999915e+00
-1.562999999999999945e-01 1.291600000000000081e+00
-1.590999999999999914e-01 2.325600000000000112e+00
-1.822000000000000008e-01 4.487999999999999767e-01
-2.074999999999999900e-01 2.873299999999999965e+00
-2.963000000000000078e-01 5.267500000000000071e+00
-5.131999999999999895e-01 1.749700000000000033e+00
-5.100000000000000089e-01 9.246999999999999664e-01
-6.082999999999999519e-01 1.418900000000000050e+00
-8.774999999999999467e-01 4.697799999999999976e+00
-8.558000000000000052e-01 5.071200000000000152e+00
-1.047400000000000109e+00 3.322599999999999998e+00
-1.308799999999999963e+00 1.876300000000000079e+00
-1.364999999999999991e+00 4.791199999999999903e+00
-1.347699999999999898e+00 4.455300000000000260e+00
-8.205000000000000071e-01 2.407999999999999863e-01
-1.159100000000000019e+00 1.386400000000000077e+00
-1.392099999999999893e+00 2.869000000000000217e+00
-1.583299999999999930e+00 9.167999999999999483e-01
-2.285200000000000120e+00 4.134299999999999642e+00
-2.446600000000000108e+00 3.372199999999999864e+00
-2.600699999999999790e+00 4.536599999999999966e+00
-2.049100000000000144e+00 1.413799999999999946e+00
-3.744999999999999996e-01 4.923000000000000043e+00
1.124400000000000066e+00 5.021300000000000097e+00
-1.109499999999999931e+00 5.476099999999999746e+00
-7.131999999999999451e-01 2.217999999999999972e+00
-2.262000000000000011e+00 5.526399999999999757e+00
-1.289400000000000102e+00 2.341299999999999937e+00
-5.564999999999999947e-01 5.519400000000000084e+00
8.161000000000000476e-01 4.694799999999999862e+00
3.704000000000000070e-01 5.915499999999999758e+00
-1.090200000000000058e+00 8.156999999999999806e-01
-1.701400000000000023e+00 2.071200000000000152e+00
-2.842000000000000082e-01 5.976099999999999746e+00
-7.151999999999999469e-01 3.960900000000000087e+00
-4.898000000000000131e-01 3.267300000000000093e+00
-1.052000000000000046e+00 4.233699999999999797e+00
-8.074999999999999956e-01 3.081399999999999917e+00
-1.452199999999999935e+00 3.960799999999999876e+00
3.749999999999999861e-02 2.103600000000000136e+00
