2.257499999999999840e+00 2.709000000000000075e+00
1.843599999999999905e+00 1.201100000000000056e+00
1.869099999999999984e+00 1.571199999999999930e+00
1.918900000000000050e+00 2.065799999999999859e+00
1.520599999999999952e+00 6.997999999999999776e-01
2.000500000000000167e+00 3.269699999999999829e+00
2.005700000000000038e+00 4.970100000000000406e+00
1.555199999999999916e+00 2.237000000000000099e+00
1.818200000000000038e+00 4.192199999999999704e+00
1.095699999999999896e+00 5.442000000000000171e-01
1.644500000000000073e+00 3.330000000000000071e+00
1.432299999999999907e+00 1.937100000000000044e+00
1.384300000000000086e+00 1.483000000000000096e+00
1.678500000000000103e+00 5.289100000000000357e+00
1.153399999999999981e+00 2.363999999999999879e+00
1.247300000000000075e+00 4.662700000000000067e+00
8.054000000000000048e-01 2.538199999999999790e+00
7.436000000000000387e-01 1.284399999999999986e+00
6.260999999999999899e-01 7.401999999999999691e-01
8.287999999999999812e-01 3.603400000000000158e+00
5.013999999999999568e-01 1.594899999999999984e+00
6.855999999999999872e-01 5.177200000000000024e+00
5.342999999999999972e-01 2.113300000000000178e+00
2.341999999999999915e-01 2.579800000000000093e+00
2.747999999999999887e-01 2.165999999999999870e-01
4.591000000000000081e-01 4.052599999999999980e+00
3.079999999999999960e-01 4.732000000000000206e+00
3.523999999999999910e-01 3.366099999999999870e+00
1.107000000000000067e-01 9.409999999999999476e-01
1.398000000000000076e-01 5.403800000000000381e+00
-8.099999999999999561e-03 1.657999999999999918e+00
-8.669999999999999929e-02 4.563799999999999635e+00
-1.490000000000000005e-02 3.696400000000000130e+00
-1.635999999999999954e-01 1.307099999999999929e+00
-1.869000000000000106e-01 2.448500000000000121e+00
-1.544999999999999984e-01 5.386999999999999567e-01
-2.554000000000000159e-01 2.890699999999999825e+00
-3.023000000000000131e-01 5.268399999999999750e+00
-9.130000000000000615e-02 4.700000000000000185e-03
-4.808000000000000052e-01 1.766999999999999904e+00
-5.480000000000000426e-01 9.608999999999999764e-01
-6.401999999999999913e-01 1.469799999999999995e+00
-8.735000000000000542e-01 4.693900000000000183e+00
-8.647000000000000242e-01 5.080799999999999983e+00
-1.043700000000000072e+00 3.334299999999999820e+00
-1.292699999999999960e+00 1.891199999999999992e+00
-1.381599999999999939e+00 4.807500000000000107e+00
-1.381199999999999983e+00 4.480599999999999916e+00
-9.271000000000000352e-01 2.200000000000000011e-01
-1.204599999999999893e+00 1.440800000000000081e+00
-1.520799999999999930e+00 2.990800000000000125e+00
-1.624600000000000044e+00 9.599999999999999645e-01
-2.276499999999999968e+00 4.173899999999999721e+00
-2.462200000000000166e+00 3.488100000000000200e+00
-2.588900000000000201e+00 4.547799999999999621e+00
-2.101700000000000124e+00 1.440099999999999936e+00
-3.662000000000000255e-01 4.951800000000000423e+00
1.116100000000000092e+00 5.056700000000000195e+00
-1.136800000000000033e+00 5.512699999999999712e+00
-7.336000000000000298e-01 2.311999999999999833e+00
-2.259799999999999809e+00 5.526200000000000223e+00
-1.297299999999999898e+00 2.392700000000000049e+00
-5.629999999999999449e-01 5.518900000000000361e+00
8.133000000000000229e-01 4.696299999999999919e+00
3.663000000000000145e-01 5.914299999999999891e+00
-1.165699999999999958e+00 8.213000000000000300e-01
-1.694600000000000106e+00 2.075899999999999856e+00
-2.814999999999999725e-01 5.975799999999999557e+00
-7.066999999999999948e-01 4.008700000000000152e+00
-5.059000000000000163e-01 3.297400000000000109e+00
-1.047199999999999909e+00 4.253199999999999648e+00
-7.995999999999999774e-01 3.110599999999999810e+00
-1.443799999999999972e+00 4.034399999999999764e+00
3.889999999999999708e-02 2.169700000000000184e+00
