2.198799999999999866e+00 2.649099999999999788e+00
1.859599999999999920e+00 1.192099999999999937e+00
1.894099999999999895e+00 1.628500000000000059e+00
1.961200000000000054e+00 2.100999999999999979e+00
1.615299999999999958e+00 7.923999999999999932e-01
2.006400000000000183e+00 3.229000000000000092e+00
2.109799999999999898e+00 5.057100000000000151e+00
1.559600000000000097e+00 2.238900000000000112e+00
1.835800000000000098e+00 4.228200000000000180e+00
1.243900000000000006e+00 5.436999999999999611e-01
1.626200000000000090e+00 3.306700000000000195e+00
1.432299999999999907e+00 1.927000000000000046e+00
1.352000000000000091e+00 1.452199999999999935e+00
1.675300000000000011e+00 5.292399999999999771e+00
1.214199999999999946e+00 2.611899999999999888e+00
1.226799999999999891e+00 4.720799999999999663e+00
9.719999999999999751e-01 2.850099999999999856e+00
8.002000000000000224e-01 1.374500000000000055e+00
7.070999999999999508e-01 7.248999999999999888e-01
7.661999999999999922e-01 3.265800000000000036e+00
5.301000000000000156e-01 1.694700000000000095e+00
6.604999999999999760e-01 5.200400000000000134e+00
4.949999999999999956e-01 2.236200000000000188e+00
4.404000000000000137e-01 2.811300000000000132e+00
3.008000000000000118e-01 3.124000000000000110e-01
2.200000000000000011e-01 4.359999999999999987e-02
3.830000000000000071e-01 4.089199999999999946e+00
3.437000000000000055e-01 4.738400000000000389e+00
3.337999999999999856e-01 3.398099999999999898e+00
1.476999999999999980e-01 9.701999999999999513e-01
1.378999999999999948e-01 5.404499999999999638e+00
-3.409999999999999837e-02 1.677599999999999980e+00
-3.760000000000000148e-02 4.541900000000000048e+00
-9.650000000000000244e-02 3.872399999999999842e+00
-1.496999999999999997e-01 1.330899999999999972e+00
-2.116000000000000103e-01 2.520099999999999785e+00
-2.189000000000000112e-01 6.452999999999999847e-01
-2.782999999999999918e-01 2.940300000000000136e+00
-3.135999999999999899e-01 5.282600000000000406e+00
-2.437999999999999889e-01 2.084000000000000019e-01
-4.580000000000000182e-01 1.883599999999999941e+00
-6.226000000000000423e-01 9.859999999999999876e-01
-6.754000000000000004e-01 1.527900000000000036e+00
-8.683999999999999497e-01 4.666999999999999815e+00
-8.679000000000000048e-01 5.100200000000000067e+00
-1.042999999999999927e+00 3.310000000000000053e+00
-1.194399999999999906e+00 1.895599999999999952e+00
-1.394400000000000084e+00 4.803200000000000358e+00
-1.401799999999999935e+00 4.437500000000000000e+00
-1.113399999999999945e+00 2.862999999999999989e-01
-1.267400000000000082e+00 1.414400000000000102e+00
-1.515700000000000047e+00 3.059200000000000141e+00
-1.696099999999999941e+00 1.098799999999999999e+00
-2.257400000000000073e+00 4.140900000000000247e+00
-2.422200000000000131e+00 3.663300000000000001e+00
-2.554899999999999949e+00 4.556700000000000195e+00
-2.110300000000000065e+00 1.464900000000000091e+00
-3.790999999999999925e-01 4.963300000000000267e+00
1.077299999999999924e+00 5.084600000000000009e+00
-1.061800000000000077e+00 5.573100000000000165e+00
-8.546000000000000263e-01 2.420799999999999841e+00
-2.253299999999999859e+00 5.521700000000000053e+00
-1.296399999999999997e+00 2.433899999999999952e+00
-5.577999999999999625e-01 5.539399999999999658e+00
8.116999999999999771e-01 4.696799999999999642e+00
3.327999999999999847e-01 5.893200000000000216e+00
-1.221700000000000008e+00 8.528999999999999915e-01
-1.674400000000000110e+00 2.072499999999999787e+00
-2.797000000000000042e-01 5.967399999999999594e+00
-6.764000000000000012e-01 4.035199999999999676e+00
-4.905999999999999805e-01 3.329200000000000159e+00
-1.052200000000000024e+00 4.258200000000000429e+00
-8.514000000000000457e-01 3.096099999999999852e+00
-1.459200000000000053e+00 4.046800000000000175e+00
-4.850000000000000144e-02 2.281699999999999839e+00
