2.183699999999999974e+00 2.769299999999999873e+00
1.668900000000000050e+00 1.139299999999999979e+00
1.641799999999999926e+00 1.556499999999999995e+00
1.909699999999999953e+00 2.022100000000000009e+00
1.163000000000000034e+00 8.750999999999999890e-01
2.062399999999999789e+00 3.240400000000000169e+00
1.992699999999999916e+00 4.692199999999999704e+00
1.543099999999999916e+00 2.234999999999999876e+00
1.587800000000000100e+00 4.084600000000000009e+00
8.175999999999999934e-01 4.208999999999999964e-01
1.582899999999999974e+00 3.310400000000000009e+00
1.359399999999999942e+00 1.860500000000000043e+00
1.301299999999999901e+00 1.362400000000000055e+00
1.668099999999999916e+00 5.192800000000000082e+00
1.000399999999999956e+00 2.153399999999999981e+00
1.282399999999999984e+00 4.563900000000000290e+00
6.845999999999999863e-01 2.387300000000000200e+00
5.618999999999999551e-01 1.036899999999999933e+00
5.128000000000000336e-01 6.382999999999999785e-01
8.709000000000000075e-01 3.602100000000000080e+00
3.844000000000000195e-01 1.349199999999999955e+00
6.865999999999999881e-01 5.111900000000000333e+00
5.830999999999999517e-01 1.788799999999999946e+00
3.377999999999999892e-01 2.152600000000000069e+00
1.683999999999999941e-01 3.610000000000000014e-02
4.104999999999999760e-01 3.751100000000000101e+00
3.035999999999999810e-01 4.707399999999999807e+00
4.331999999999999740e-01 3.142399999999999860e+00
7.430000000000000493e-02 8.219999999999999529e-01
9.039999999999999425e-02 5.374699999999999811e+00
2.899999999999999800e-03 1.552799999999999958e+00
-3.359999999999999792e-02 4.357700000000000351e+00
-3.529999999999999805e-02 3.345000000000000195e+00
-1.029000000000000054e-01 1.221000000000000085e+00
-1.701999999999999902e-01 2.118799999999999795e+00
-2.041000000000000036e-01 2.992000000000000215e-01
-1.154000000000000026e-01 2.765299999999999869e+00
-3.165999999999999925e-01 5.205599999999999561e+00
-6.411999999999999922e-01 1.659999999999999920e+00
-4.706000000000000183e-01 8.064999999999999947e-01
-5.062999999999999723e-01 1.334699999999999998e+00
-8.496000000000000218e-01 4.697099999999999831e+00
-8.387000000000000011e-01 5.052599999999999980e+00
-9.605000000000000204e-01 3.246900000000000119e+00
-1.262399999999999967e+00 1.767200000000000104e+00
-1.482799999999999896e+00 4.681000000000000050e+00
-1.313399999999999901e+00 4.397300000000000431e+00
-6.233999999999999542e-01 3.348999999999999755e-01
-1.098200000000000065e+00 1.188399999999999901e+00
-1.121699999999999919e+00 2.597500000000000142e+00
-1.420700000000000074e+00 8.709000000000000075e-01
-2.263399999999999856e+00 3.956500000000000128e+00
-2.292800000000000171e+00 3.082800000000000207e+00
-2.599299999999999944e+00 4.506599999999999717e+00
-1.878800000000000026e+00 1.397100000000000009e+00
-4.219999999999999862e-01 4.801199999999999690e+00
1.082300000000000040e+00 4.921800000000000175e+00
-1.111199999999999966e+00 5.394199999999999662e+00
-6.871000000000000441e-01 2.068200000000000038e+00
-2.265400000000000080e+00 5.511800000000000033e+00
-1.160300000000000109e+00 2.262700000000000156e+00
-5.547999999999999599e-01 5.505600000000000271e+00
8.395000000000000240e-01 4.658199999999999896e+00
3.618000000000000105e-01 5.916800000000000281e+00
-9.438999999999999613e-01 7.796999999999999487e-01
-1.697699999999999987e+00 2.061999999999999833e+00
-2.806000000000000161e-01 5.979800000000000004e+00
-6.322999999999999732e-01 3.841200000000000170e+00
-4.275999999999999801e-01 3.118500000000000050e+00
-1.082999999999999963e+00 4.137800000000000367e+00
-8.487000000000000099e-01 2.956500000000000128e+00
-1.571299999999999919e+00 3.722900000000000098e+00
4.000000000000000083e-02 1.951300000000000034e+00
