2.263300000000000090e+00 2.682500000000000107e+00
1.851699999999999902e+00 1.192099999999999937e+00
1.888900000000000023e+00 1.620200000000000085e+00
1.925100000000000033e+00 2.080099999999999838e+00
1.590000000000000080e+00 6.896999999999999797e-01
2.005399999999999849e+00 3.250000000000000000e+00
2.066100000000000048e+00 5.027700000000000280e+00
1.555199999999999916e+00 2.236400000000000166e+00
1.835700000000000109e+00 4.217999999999999972e+00
1.179799999999999960e+00 5.370000000000000329e-01
1.644200000000000106e+00 3.316899999999999959e+00
1.432900000000000063e+00 1.935599999999999987e+00
1.359799999999999898e+00 1.476099999999999968e+00
1.679400000000000004e+00 5.294299999999999784e+00
1.162600000000000078e+00 2.512999999999999901e+00
1.239700000000000024e+00 4.688699999999999868e+00
8.907000000000000473e-01 2.640400000000000080e+00
7.887999999999999456e-01 1.354000000000000092e+00
6.677999999999999492e-01 7.309999999999999831e-01
8.127999999999999670e-01 3.483400000000000052e+00
5.241999999999999993e-01 1.659999999999999920e+00
6.717999999999999527e-01 5.193500000000000227e+00
4.935999999999999832e-01 2.205799999999999983e+00
2.916000000000000258e-01 2.694599999999999884e+00
3.024999999999999911e-01 2.577999999999999736e-01
4.200999999999999734e-01 4.092999999999999972e+00
3.163000000000000256e-01 4.733799999999999564e+00
3.695999999999999841e-01 3.393699999999999939e+00
1.267999999999999960e-01 9.605000000000000204e-01
1.413999999999999979e-01 5.402199999999999669e+00
-1.890000000000000013e-02 1.668900000000000050e+00
-5.960000000000000020e-02 4.561099999999999710e+00
-5.390000000000000346e-02 3.800100000000000033e+00
-1.544999999999999984e-01 1.318899999999999961e+00
-1.967000000000000137e-01 2.529300000000000104e+00
-1.716999999999999915e-01 5.996000000000000218e-01
-2.827999999999999958e-01 2.913899999999999935e+00
-3.119000000000000106e-01 5.270999999999999908e+00
-1.373999999999999944e-01 1.020999999999999963e-01
-4.667999999999999927e-01 1.812000000000000055e+00
-5.844000000000000306e-01 9.696000000000000174e-01
-6.555999999999999606e-01 1.505700000000000038e+00
-8.753999999999999559e-01 4.688299999999999912e+00
-8.649999999999999911e-01 5.088799999999999990e+00
-1.042899999999999938e+00 3.320800000000000196e+00
-1.254699999999999926e+00 1.889399999999999968e+00
-1.392099999999999893e+00 4.804400000000000226e+00
-1.390400000000000080e+00 4.462900000000000311e+00
-1.011400000000000077e+00 2.369999999999999885e-01
-1.247999999999999998e+00 1.446199999999999930e+00
-1.542899999999999938e+00 3.058100000000000041e+00
-1.647199999999999998e+00 1.008000000000000007e+00
-2.270799999999999930e+00 4.185200000000000031e+00
-2.447200000000000042e+00 3.564900000000000180e+00
-2.575400000000000134e+00 4.556400000000000006e+00
-2.113599999999999923e+00 1.458199999999999941e+00
-3.724999999999999978e-01 4.962500000000000355e+00
1.095900000000000096e+00 5.076500000000000234e+00
-1.127699999999999925e+00 5.556799999999999962e+00
-7.759000000000000341e-01 2.377200000000000202e+00
-2.257000000000000117e+00 5.525199999999999889e+00
-1.292000000000000037e+00 2.426000000000000156e+00
-5.610000000000000542e-01 5.524700000000000166e+00
8.124000000000000110e-01 4.696600000000000108e+00
3.556000000000000272e-01 5.908199999999999896e+00
-1.206299999999999928e+00 8.316999999999999948e-01
-1.684600000000000097e+00 2.076600000000000001e+00
-2.788999999999999813e-01 5.973600000000000243e+00
-6.873000000000000220e-01 4.031299999999999883e+00
-5.023999999999999577e-01 3.308300000000000018e+00
-1.051199999999999912e+00 4.260600000000000165e+00
-8.177999999999999714e-01 3.105500000000000149e+00
-1.451799999999999979e+00 4.050600000000000200e+00
-3.200000000000000153e-03 2.223800000000000221e+00
