2.197400000000000020e+00 2.760099999999999998e+00
1.692600000000000104e+00 1.162500000000000089e+00
1.679100000000000037e+00 1.553399999999999892e+00
1.922099999999999920e+00 2.035899999999999821e+00
1.195500000000000007e+00 8.836000000000000520e-01
2.055800000000000072e+00 3.248099999999999987e+00
2.002400000000000180e+00 4.734200000000000408e+00
1.553399999999999892e+00 2.239599999999999813e+00
1.621199999999999974e+00 4.099899999999999878e+00
8.499999999999999778e-01 4.551000000000000045e-01
1.599599999999999911e+00 3.321600000000000108e+00
1.386600000000000055e+00 1.873799999999999910e+00
1.341099999999999959e+00 1.382100000000000106e+00
1.668099999999999916e+00 5.213799999999999990e+00
1.039800000000000058e+00 2.165099999999999802e+00
1.276100000000000012e+00 4.576399999999999579e+00
7.045000000000000151e-01 2.399000000000000021e+00
5.855000000000000204e-01 1.060999999999999943e+00
5.240000000000000213e-01 6.586999999999999522e-01
8.609999999999999876e-01 3.633100000000000218e+00
3.941000000000000059e-01 1.380800000000000027e+00
6.943000000000000282e-01 5.124600000000000044e+00
5.879999999999999671e-01 1.814999999999999947e+00
3.262999999999999790e-01 2.201799999999999979e+00
1.640999999999999959e-01 6.759999999999999343e-02
4.267000000000000237e-01 3.792499999999999982e+00
3.009000000000000008e-01 4.716499999999999915e+00
4.213999999999999968e-01 3.170999999999999819e+00
8.630000000000000171e-02 8.385000000000000231e-01
9.869999999999999607e-02 5.383200000000000429e+00
6.400000000000000307e-03 1.575599999999999890e+00
-6.060000000000000109e-02 4.394000000000000128e+00
-4.309999999999999942e-02 3.387999999999999901e+00
-1.063000000000000056e-01 1.236199999999999966e+00
-1.703999999999999959e-01 2.149099999999999788e+00
-2.139000000000000068e-01 3.166999999999999815e-01
-1.265000000000000013e-01 2.796400000000000219e+00
-3.111999999999999766e-01 5.227899999999999991e+00
-6.211999999999999744e-01 1.683000000000000052e+00
-4.757000000000000117e-01 8.246999999999999886e-01
-5.243999999999999773e-01 1.353099999999999969e+00
-8.610999999999999766e-01 4.700700000000000323e+00
-8.409999999999999698e-01 5.056899999999999729e+00
-9.916000000000000369e-01 3.262300000000000200e+00
-1.276200000000000001e+00 1.802799999999999958e+00
-1.446399999999999908e+00 4.705599999999999561e+00
-1.303299999999999903e+00 4.403200000000000003e+00
-6.478000000000000425e-01 3.217999999999999750e-01
-1.112999999999999989e+00 1.221600000000000019e+00
-1.157100000000000017e+00 2.656200000000000117e+00
-1.454099999999999948e+00 8.749000000000000110e-01
-2.274099999999999788e+00 3.995800000000000018e+00
-2.329800000000000093e+00 3.138999999999999790e+00
-2.600200000000000067e+00 4.513300000000000090e+00
-1.913499999999999979e+00 1.399199999999999999e+00
-4.182000000000000162e-01 4.834999999999999964e+00
1.090300000000000047e+00 4.934999999999999609e+00
-1.103299999999999947e+00 5.416100000000000136e+00
-6.967999999999999750e-01 2.089799999999999880e+00
-2.264899999999999913e+00 5.516799999999999926e+00
-1.185699999999999976e+00 2.273800000000000043e+00
-5.541000000000000369e-01 5.509500000000000064e+00
8.320999999999999508e-01 4.670300000000000118e+00
3.662000000000000255e-01 5.916699999999999626e+00
-9.651999999999999469e-01 7.903000000000000025e-01
-1.699000000000000066e+00 2.064799999999999969e+00
-2.818999999999999839e-01 5.979199999999999626e+00
-6.605999999999999650e-01 3.867300000000000182e+00
-4.324000000000000066e-01 3.160499999999999865e+00
-1.076899999999999968e+00 4.159399999999999764e+00
-8.435000000000000275e-01 2.979999999999999982e+00
-1.545800000000000063e+00 3.758000000000000007e+00
4.359999999999999987e-02 1.981400000000000050e+00
