2.323405335459492846e+02 1.060000000000000000e+02 8.330000000000000071e+00 0.000000000000000000e+00
1.936710807487012573e+02 1.060000000000000000e+02 7.892674202633968683e+00 4.315309685960406205e-01
1.659871101971773157e+02 1.060000000000000000e+02 7.564744014619678936e+00 5.533392614585721514e-01
1.394187882511557177e+02 1.060000000000000000e+02 7.319349451071317958e+00 6.231443862010286328e-01
1.138453592045449483e+02 1.060000000000000000e+02 7.180044162459243928e+00 6.610630793057912236e-01
8.703381947100639593e+01 1.060000000000000000e+02 7.158035179455593422e+00 6.720176241934642247e-01
6.386414518018720798e+01 1.060000000000000000e+02 7.181325114066070547e+00 6.631716960416572659e-01
3.885154748705263472e+01 1.060000000000000000e+02 6.999769106579282862e+00 6.308350922798545701e-01
1.579544666924169682e+01 1.060000000000000000e+02 5.391007281599586420e+00 4.917901280222913285e-01
2.150828873194184698e+00 1.060000000000000000e+02 1.340044332963048479e+00 3.913800873355652854e-01
2.295746886335165868e+02 1.020000000000000000e+02 8.330000000000000071e+00 0.000000000000000000e+00
1.922839038856554055e+02 1.020000000000000000e+02 7.888098535559765700e+00 4.334502978300052156e-01
1.624163056415820847e+02 1.020000000000000000e+02 7.556734710389007681e+00 5.556029693664246150e-01
1.368633109810423036e+02 1.020000000000000000e+02 7.310257500299589317e+00 6.252799815448688570e-01
1.112613026656305522e+02 1.020000000000000000e+02 7.173731437356866358e+00 6.625887154880002461e-01
8.597291072461602823e+01 1.020000000000000000e+02 7.156252067621611701e+00 6.724712544348920851e-01
6.088827315592617140e+01 1.020000000000000000e+02 7.175771863521909211e+00 6.621850998214480200e-01
3.503477196520083936e+01 1.020000000000000000e+02 6.930212849315673829e+00 6.237285345552627813e-01
1.470134477507733273e+01 1.020000000000000000e+02 5.031706440908728872e+00 4.680789916516560623e-01
1.534063607280185648e+00 1.020000000000000000e+02 8.621844955481479111e-01 4.282265581212483796e-01
2.251626227033057717e+02 9.800000000000000000e+01 8.330000000000000071e+00 0.000000000000000000e+00
1.881562359180749979e+02 9.800000000000000000e+01 7.883400297465054329e+00 4.354043358455885193e-01
1.577325723319793553e+02 9.800000000000000000e+01 7.548509015151106283e+00 5.579039549287487798e-01
1.343022290318608327e+02 9.800000000000000000e+01 7.300996572803304829e+00 6.274389846645224145e-01
1.079711644396690531e+02 9.800000000000000000e+01 7.167469465024058906e+00 6.641041127186684268e-01
8.088763348822436683e+01 9.800000000000000000e+01 7.154479626718359242e+00 6.728621611052256757e-01
5.752908616157741051e+01 9.800000000000000000e+01 7.168149192772677480e+00 6.609504955002256654e-01
3.193339722924527635e+01 9.800000000000000000e+01 6.842038265249985152e+00 6.149862004227073520e-01
1.066635114147544883e+01 9.800000000000000000e+01 4.637185390531119999e+00 4.446402294639901220e-01
1.065026366757829690e+00 9.800000000000000000e+01 4.150955861645263534e-01 5.066407823696156276e-01
2.234742042153212367e+02 9.400000000000000000e+01 8.330000000000000071e+00 0.000000000000000000e+00
1.864922873753080808e+02 9.400000000000000000e+01 7.878574073179692938e+00 4.373941869276317673e-01
1.549279888141028607e+02 9.400000000000000000e+01 7.540057125898514734e+00 5.602432546941343849e-01
1.298196206004156181e+02 9.400000000000000000e+01 7.291563750318863057e+00 6.296215092752363018e-01
1.046128707192689973e+02 9.400000000000000000e+01 7.161264569600388263e+00 6.656070719878348640e-01
8.070644085775560939e+01 9.400000000000000000e+01 7.152661690931338967e+00 6.731820682428402147e-01
5.345387969655811133e+01 9.400000000000000000e+01 7.157812650431657708e+00 6.594066914289682391e-01
3.028544453867537101e+01 9.400000000000000000e+01 6.731360719520174563e+00 6.043387428442046350e-01
8.268676182342309389e+00 9.400000000000000000e+01 4.212018226767565210e+00 4.225433656765903989e-01
1.783412280033865871e+00 9.400000000000000000e+01 5.887554369193732234e-02 7.059233410518332974e-01
