3.259154100002808008e+01 1.060000000000000000e+02 8.330000000000000071e+00 0.000000000000000000e+00
1.573311264620759431e+01 1.060000000000000000e+02 6.244790903825785833e+00 7.643314796312371540e-01
3.887110574757097758e+00 1.060000000000000000e+02 4.755834875119085758e+00 1.337932713820369823e+00
2.935044140556929548e+01 1.020000000000000000e+02 8.330000000000000071e+00 0.000000000000000000e+00
1.241122417387748200e+01 1.020000000000000000e+02 6.210445423544336485e+00 8.127297339404286891e-01
2.330550557130317557e+00 1.020000000000000000e+02 5.943019099787643533e+00 1.987591630228146222e+00
2.509022480055018889e+01 9.800000000000000000e+01 8.330000000000000071e+00 0.000000000000000000e+00
1.048528307715708685e+01 9.800000000000000000e+01 6.233933729607355367e+00 8.824171596457670574e-01
2.087636021130559527e+01 9.400000000000000000e+01 8.330000000000000071e+00 0.000000000000000000e+00
7.273795543432235888e+00 9.400000000000000000e+01 6.361438887798832376e+00 9.880252677255761951e-01
