2.242241557675251897e+02 1.060000000000000000e+02 8.330000000000000071e+00 0.000000000000000000e+00
1.884271182468052075e+02 1.060000000000000000e+02 7.881003535047971909e+00 4.363947138246751511e-01
1.574859664045710872e+02 1.060000000000000000e+02 7.544311982388175686e+00 5.590687493749099124e-01
1.318553420075190843e+02 1.060000000000000000e+02 7.296301828506091880e+00 6.285273010881406996e-01
1.064277846315221865e+02 1.060000000000000000e+02 7.164359519820010291e+00 6.648572961896777045e-01
8.043734120667393483e+01 1.060000000000000000e+02 7.153580548761951263e+00 6.730315749733882802e-01
5.565539033768175869e+01 1.060000000000000000e+02 7.163366953974747098e+00 6.602216698220061408e-01
3.155718024078428741e+01 1.060000000000000000e+02 6.789768449057994815e+00 6.099169204495414887e-01
1.023037462151690669e+01 1.060000000000000000e+02 4.428105934083165884e+00 4.333541019829868501e-01
-3.014878872560375900e-01 1.060000000000000000e+02 2.173352444903556280e-01 5.798905873263443533e-01
2.188292285437237865e+02 1.020000000000000000e+02 8.330000000000000071e+00 0.000000000000000000e+00
1.842316471886576323e+02 1.020000000000000000e+02 7.876111181464970912e+00 4.384029009821041045e-01
1.545423228006916929e+02 1.020000000000000000e+02 7.535743117415855785e+00 5.614276059980504163e-01
1.282931091301500999e+02 1.020000000000000000e+02 7.286781982660503587e+00 6.307216173793565028e-01
1.029721622101235710e+02 1.020000000000000000e+02 7.158185250672841171e+00 6.663531154502957410e-01
7.802312050624128403e+01 1.020000000000000000e+02 7.151712992002188685e+00 6.733123082391615499e-01
5.439738180941004941e+01 1.020000000000000000e+02 7.151377425347194006e+00 6.584953135260631640e-01
2.931468269398016346e+01 1.020000000000000000e+02 6.666286934787779117e+00 5.982219919335465264e-01
8.955942488173754157e+00 1.020000000000000000e+02 3.989627868600404526e+00 4.123516503455978421e-01
7.052709994438330909e-01 1.020000000000000000e+02 0.000000000000000000e+00 9.677447688148271832e-01
2.185124094492433073e+02 9.800000000000000000e+01 8.330000000000000071e+00 0.000000000000000000e+00
1.803031096278285474e+02 9.800000000000000000e+01 7.871082070547584131e+00 4.404486517603811713e-01
1.520763768386026982e+02 9.800000000000000000e+01 7.526932105239128923e+00 5.638263982739079028e-01
1.240365934608200149e+02 9.800000000000000000e+01 7.277085973316094858e+00 6.329395510636068867e-01
1.002283855859526653e+02 9.800000000000000000e+01 7.152075572342257104e+00 6.678325857471105742e-01
7.778343700206313827e+01 9.800000000000000000e+01 7.149677903027367165e+00 6.735059254250226335e-01
5.053767488343078185e+01 9.800000000000000000e+01 7.135357636842162954e+00 6.563359632712116865e-01
2.729035393111388075e+01 9.800000000000000000e+01 6.514025811205074845e+00 5.842753822103506911e-01
7.163430795391139583e+00 9.800000000000000000e+01 3.528857878959924310e+00 3.944117423681294810e-01
2.141326208418529689e+02 9.400000000000000000e+01 8.330000000000000071e+00 0.000000000000000000e+00
1.777832939731677300e+02 9.400000000000000000e+01 7.865909879842238439e+00 4.425332001004258498e-01
1.490520374720040593e+02 9.400000000000000000e+01 7.517867384333951186e+00 5.662662523035364437e-01
1.226463130778400057e+02 9.400000000000000000e+01 7.267211016300227477e+00 6.351811032388217093e-01
9.827951905672229316e+01 9.400000000000000000e+01 7.146033357074907499e+00 6.692925900978320408e-01
7.422952150632015389e+01 9.400000000000000000e+01 7.147359951451808691e+00 6.735983751337812908e-01
4.635375539547750634e+01 9.400000000000000000e+01 7.114129563032074444e+00 6.536342518379522071e-01
2.192428941490843286e+01 9.400000000000000000e+01 6.328907513949929786e+00 5.679471888514836531e-01
5.999625822267601549e+00 9.400000000000000000e+01 3.051642227418422948e+00 3.807485780846823764e-01
