2.087613106950504118e+02 1.060000000000000000e+02 8.330000000000000071e+00 0.000000000000000000e+00
1.718459483400537238e+02 1.060000000000000000e+02 7.855108840228614220e+00 4.468239138807301170e-01
1.415285504790731750e+02 1.060000000000000000e+02 7.498926349774819755e+00 5.712738314826003583e-01
1.182200901766434242e+02 1.060000000000000000e+02 7.246913215694545940e+00 6.397347346566708559e-01
8.953107647220291199e+01 1.060000000000000000e+02 7.134148746225441151e+00 6.721390522742659579e-01
6.645801310336157997e+01 1.060000000000000000e+02 7.141221206718030068e+00 6.734048953175709729e-01
4.131160700303406941e+01 1.060000000000000000e+02 7.049762128715312492e+00 6.460320316053992373e-01
1.712295393623660189e+01 1.060000000000000000e+02 5.846977519976057636e+00 5.283832594953812301e-01
1.504129989303113479e+00 1.060000000000000000e+02 2.070403049465602496e+00 3.721303752049396896e-01
2.033260097956846550e+02 1.020000000000000000e+02 8.330000000000000071e+00 0.000000000000000000e+00
1.686285358855673735e+02 1.020000000000000000e+02 7.849465102171782505e+00 4.490328458213031504e-01
1.382310097468055119e+02 1.020000000000000000e+02 7.489022424180258319e+00 5.738439891624109723e-01
1.143494418201833440e+02 1.020000000000000000e+02 7.236484761665082921e+00 6.420464354591310929e-01
8.905249015221104969e+01 1.020000000000000000e+02 7.128294614422677533e+00 6.735162131234152527e-01
6.563195186107618895e+01 1.020000000000000000e+02 7.136942358635301353e+00 6.730689176934561146e-01
4.011394061487327178e+01 1.020000000000000000e+02 7.002517390712232448e+00 6.407689865403264351e-01
1.630916157143544964e+01 1.020000000000000000e+02 5.546540896488703076e+00 5.057785014310248739e-01
3.498320145547991533e+00 1.020000000000000000e+02 1.577557611155394612e+00 3.817709594500673376e-01
2.009500429571223492e+02 9.800000000000000000e+01 8.330000000000000071e+00 0.000000000000000000e+00
1.657092769472133682e+02 9.800000000000000000e+01 7.843648418827708468e+00 4.512861154324500634e-01
1.383245965137891744e+02 9.800000000000000000e+01 7.478809356114811457e+00 5.764600716249718149e-01
1.111735179530719790e+02 9.800000000000000000e+01 7.225865987937551971e+00 6.443809561542700459e-01
8.754302763443398305e+01 9.800000000000000000e+01 7.122481366554077375e+00 6.748549772788557943e-01
6.141519432596495420e+01 9.800000000000000000e+01 7.131434059535881609e+00 6.725288033558042278e-01
3.731777030283781471e+01 9.800000000000000000e+01 6.941749369431270189e+00 6.342366080584218579e-01
1.599120798636274898e+01 9.800000000000000000e+01 5.206704433309254476e+00 4.820947542858062262e-01
-1.100225074243367240e+00 9.800000000000000000e+01 1.092267952530006969e+00 4.070748178208740131e-01
1.947070445697684988e+02 9.400000000000000000e+01 8.330000000000000071e+00 0.000000000000000000e+00
1.622598209887540293e+02 9.400000000000000000e+01 7.837649960615238776e+00 4.535852766106701073e-01
1.336951262194598939e+02 9.400000000000000000e+01 7.468270460556631463e+00 5.791233788737555344e-01
1.097013233482539647e+02 9.400000000000000000e+01 7.215053595571570000e+00 6.467377896734951559e-01
8.420208926846684960e+01 9.400000000000000000e+01 7.116684867962510097e+00 6.761481343243012088e-01
5.881565899614790283e+01 9.400000000000000000e+01 7.124260605153572179e+00 6.717398136205988690e-01
3.398344418827344526e+01 9.400000000000000000e+01 6.864242499077366055e+00 6.261795197758553977e-01
1.079315303161550688e+01 9.400000000000000000e+01 4.829846882894799798e+00 4.581976252429135199e-01
-8.719452761472701319e-02 9.400000000000000000e+01 6.267580817976099450e-01 4.607948358248905030e-01
