1.075329597886781698e+02 1.060000000000000000e+02 8.330000000000000071e+00 0.000000000000000000e+00
7.842491403335343136e+01 1.060000000000000000e+02 7.537571333197538692e+00 5.413879173477801343e-01
5.461150591073661076e+01 1.060000000000000000e+02 6.892319800514398409e+00 6.706947107665786056e-01
3.404170350199249384e+01 1.060000000000000000e+02 6.554804645616597369e+00 6.795703250011227992e-01
1.108938348190843115e+01 1.060000000000000000e+02 4.763553598911369313e+00 4.937456758225681752e-01
3.624869386129547788e-01 1.060000000000000000e+02 6.245926106948852530e-01 4.652261236727827654e-01
1.051423904802382765e+02 1.020000000000000000e+02 8.330000000000000071e+00 0.000000000000000000e+00
7.468565064980157331e+01 1.020000000000000000e+02 7.515581365858259311e+00 5.460196437453552765e-01
5.410264983536823280e+01 1.020000000000000000e+02 6.842332398402278137e+00 6.742756895413779539e-01
3.082650522768528489e+01 1.020000000000000000e+02 6.454242056349042578e+00 6.725962625881498624e-01
8.442027870628054487e+00 1.020000000000000000e+02 4.369546581627674620e+00 4.694277525685083274e-01
-1.613288295672545836e-01 1.020000000000000000e+02 2.121539562508612531e-01 5.847900549808295878e-01
1.003270573828547327e+02 9.800000000000000000e+01 8.330000000000000071e+00 0.000000000000000000e+00
7.207060290344652742e+01 9.800000000000000000e+01 7.491887300589603171e+00 5.507872628857330977e-01
4.919743785289800542e+01 9.800000000000000000e+01 6.786912509885242528e+00 6.777078301554703144e-01
2.827772562743533058e+01 9.800000000000000000e+01 6.332855623326108407e+00 6.635582903552366130e-01
8.727823819401415051e+00 9.800000000000000000e+01 3.947068471594224803e+00 4.466968774609302861e-01
3.146358366941701679e+00 9.800000000000000000e+01 0.000000000000000000e+00 9.745580877510622297e-01
9.716309452225368659e+01 9.400000000000000000e+01 8.330000000000000071e+00 0.000000000000000000e+00
6.977924227730576945e+01 9.400000000000000000e+01 7.466279382819489996e+00 5.556949115223890345e-01
4.656468542625550810e+01 9.400000000000000000e+01 6.725254893130127698e+00 6.809520366406359715e-01
2.457287572912944995e+01 9.400000000000000000e+01 6.187100949844026587e+00 6.522190659732807205e-01
5.449407632928622292e+00 9.400000000000000000e+01 3.501405681058198827e+00 4.267006442220332985e-01
