9.928815204303424480e+01 1.060000000000000000e+02 8.330000000000000071e+00 0.000000000000000000e+00
6.865117472464831394e+01 1.060000000000000000e+02 7.479336792521724675e+00 5.532233203596735871e-01
5.066821950285977039e+01 1.060000000000000000e+02 6.756917354572835599e+00 6.793559079881120732e-01
2.807715892108604550e+01 1.060000000000000000e+02 6.263247269008943796e+00 6.581891107503553551e-01
7.554258147768468490e+00 1.060000000000000000e+02 3.726789420050876878e+00 4.362832706899992252e-01
8.505110088061880180e-01 1.060000000000000000e+02 8.330000000000000071e+00 0.000000000000000000e+00
9.750601747093868710e+01 1.020000000000000000e+02 8.330000000000000071e+00 0.000000000000000000e+00
6.756275625548995833e+01 1.020000000000000000e+02 7.452684244113756407e+00 5.582025818947037310e-01
4.443857433717248284e+01 1.020000000000000000e+02 6.691810312398014382e+00 6.824913348604144669e-01
2.264411941329381150e+01 1.020000000000000000e+02 6.103981899117107091e+00 6.456288870091425602e-01
6.528945792461121833e+00 1.020000000000000000e+02 3.271617287575229849e+00 4.181019822794891372e-01
9.162034649791743846e+01 9.800000000000000000e+01 8.330000000000000071e+00 0.000000000000000000e+00
6.237969449746712769e+01 9.800000000000000000e+01 7.423747270275285359e+00 5.633284815028276604e-01
4.427636641957197128e+01 9.800000000000000000e+01 6.619090326621591025e+00 6.853811800400029242e-01
2.269618740209811136e+01 9.800000000000000000e+01 5.915198706038340859e+00 6.305455677124910396e-01
3.691709878594024996e+00 9.800000000000000000e+01 2.801601451925142428e+00 4.045143429486355857e-01
9.046053963927626285e+01 9.400000000000000000e+01 8.330000000000000071e+00 0.000000000000000000e+00
6.241235224001087545e+01 9.400000000000000000e+01 7.392237318780570554e+00 5.686061274714524494e-01
4.241554880283887030e+01 9.400000000000000000e+01 6.537746816937917593e+00 6.879940034589234754e-01
1.870420243050067910e+01 9.400000000000000000e+01 5.694018210443332784e+00 6.129413687917639741e-01
3.581927380064392707e+00 9.400000000000000000e+01 2.322208389529660799e+00 3.970255569060613388e-01
