1.595215068979988189e+02 1.060000000000000000e+02 8.330000000000000071e+00 0.000000000000000000e+00
1.248411101879276117e+02 1.060000000000000000e+02 7.747139131923282740e+00 4.854370742612861833e-01
1.000491136201400195e+02 1.060000000000000000e+02 7.307678880650549047e+00 6.152530341387054680e-01
7.333990485047485208e+01 1.060000000000000000e+02 7.066778581870770459e+00 6.760839878404201198e-01
5.054562339779662494e+01 1.060000000000000000e+02 7.003926416499580476e+00 6.814912884770130130e-01
2.795739621317146018e+01 1.060000000000000000e+02 6.452628475853602552e+00 6.013572978214266618e-01
4.778130130408021259e+00 1.060000000000000000e+02 3.514189160446278937e+00 3.991015589224976567e-01
1.544609638997668526e+02 1.020000000000000000e+02 8.330000000000000071e+00 0.000000000000000000e+00
1.216768581648349112e+02 1.020000000000000000e+02 7.737555319236824047e+00 4.885149041258521896e-01
9.489704726216761799e+01 1.020000000000000000e+02 7.290378759827883748e+00 6.186471035283906961e-01
7.253787154659302416e+01 1.020000000000000000e+02 7.052036226871727820e+00 6.784707020665736721e-01
4.643051118659214183e+01 1.020000000000000000e+02 6.980171209443658320e+00 6.798123952934631564e-01
2.213753078004037889e+01 1.020000000000000000e+02 6.271494130030069059e+00 5.845895543828012464e-01
3.444189680810254117e+00 1.020000000000000000e+02 3.038713451798882303e+00 3.849556718619771001e-01
1.502106444760860313e+02 9.800000000000000000e+01 8.330000000000000071e+00 0.000000000000000000e+00
1.188135888868724948e+02 9.800000000000000000e+01 7.727551231206883031e+00 4.916704537897664817e-01
9.248953456280644048e+01 9.800000000000000000e+01 7.272224567026760234e+00 6.221030765653536854e-01
6.911011220369941555e+01 9.800000000000000000e+01 7.036587548863568742e+00 6.807963688076001940e-01
4.321709786879655013e+01 9.800000000000000000e+01 6.950288711995320945e+00 6.773916958848137382e-01
1.841867570775315599e+01 9.800000000000000000e+01 6.054474515806692381e+00 5.653884171004841530e-01
4.664040351593711442e+00 9.800000000000000000e+01 2.552315933342012233e+00 3.764721529710762238e-01
1.463621992463246499e+02 9.400000000000000000e+01 8.330000000000000071e+00 0.000000000000000000e+00
1.161822185756375063e+02 9.400000000000000000e+01 7.717094841591873866e+00 4.949069071011688026e-01
9.016452916882916213e+01 9.400000000000000000e+01 7.253132454129639584e+00 6.256203022154334104e-01
6.515039306574017530e+01 9.400000000000000000e+01 7.020261680722759579e+00 6.830373746178822758e-01
4.147631909532041306e+01 9.400000000000000000e+01 6.912533442701947806e+00 6.740591286182862074e-01
1.992727650746176948e+01 9.400000000000000000e+01 5.798986634258302963e+00 5.439547763102978717e-01
2.654011763319563233e+00 9.400000000000000000e+01 2.060491798789513940e+00 3.754406366769806325e-01
