8.146757301410534069e+01 1.060000000000000000e+02 8.330000000000000071e+00 0.000000000000000000e+00
5.647151745592045557e+01 1.060000000000000000e+02 7.320164209545973577e+00 5.796439186736170868e-01
3.572964340090288715e+01 1.060000000000000000e+02 6.344964451581612153e+00 6.923408598357727595e-01
1.585718796495803318e+01 1.060000000000000000e+02 5.147450671710886994e+00 5.710232651001337922e-01
3.995484256517396915e+00 1.060000000000000000e+02 1.357846295847765505e+00 4.102858264659081100e-01
7.965708793337512361e+01 1.020000000000000000e+02 8.330000000000000071e+00 0.000000000000000000e+00
5.323466525465261157e+01 1.020000000000000000e+02 7.278843075486118863e+00 5.854243123412329330e-01
3.398865447406290485e+01 1.020000000000000000e+02 6.231472214843687851e+00 6.941241860781433015e-01
1.306468880580561809e+01 1.020000000000000000e+02 4.821610074068368945e+00 5.476030778909860564e-01
1.433969010751788620e+00 1.020000000000000000e+02 8.876657107403830294e-01 4.420598378969957110e-01
7.693651999091149207e+01 9.800000000000000000e+01 8.330000000000000071e+00 0.000000000000000000e+00
5.069298711130785051e+01 9.800000000000000000e+01 7.233438342580616798e+00 5.914004709975847485e-01
2.810955809426854302e+01 9.800000000000000000e+01 6.105399360376232210e+00 6.957612215241832931e-01
1.134870989094291183e+01 9.800000000000000000e+01 4.462686900183119754e+00 5.234255665704973248e-01
2.404532145747618088e+00 9.800000000000000000e+01 4.454571344796367516e-01 5.120138664938962414e-01
7.260968713684447096e+01 9.400000000000000000e+01 8.330000000000000071e+00 0.000000000000000000e+00
4.555766539095218803e+01 9.400000000000000000e+01 7.183499272780704104e+00 5.975986324900518509e-01
2.753187228655395913e+01 9.400000000000000000e+01 5.966157344070046165e+00 6.974307020255727796e-01
7.818575868237514825e+00 9.400000000000000000e+01 4.073701189719995064e+00 4.993164979556997674e-01
1.348547494918870715e+00 9.400000000000000000e+01 8.371183439784916913e-02 6.872860129522898598e-01
