4.938184065297203773e+01 1.060000000000000000e+02 8.330000000000000071e+00 0.000000000000000000e+00
2.734087523276235387e+01 1.060000000000000000e+02 6.677435917555838429e+00 6.546466188744157755e-01
1.322802858954813665e+01 1.060000000000000000e+02 4.707379676378699251e+00 7.615601365982146431e-01
6.443344096912095864e-02 1.060000000000000000e+02 8.836491549983175320e-01 4.387409826715984451e-01
4.653123441981021813e+01 1.020000000000000000e+02 8.330000000000000071e+00 0.000000000000000000e+00
2.614950064895532122e+01 1.020000000000000000e+02 6.583969648742748149e+00 6.675925563838497334e-01
1.065545859319571065e+01 1.020000000000000000e+02 4.537837609620648749e+00 7.971680605638967743e-01
3.152836799175223526e+00 1.020000000000000000e+02 4.354705669045205174e-01 4.969652906477268761e-01
4.148993834412282666e+01 9.800000000000000000e+01 8.330000000000000071e+00 0.000000000000000000e+00
2.245475482750422813e+01 9.800000000000000000e+01 6.488970970040946362e+00 6.834260208323759134e-01
8.721510800173398081e+00 9.800000000000000000e+01 4.405177121740417867e+00 8.516524840955552733e-01
2.712051665420498470e-01 9.800000000000000000e+01 6.062877113765116621e-02 6.683509756741986552e-01
4.038691646665458279e+01 9.400000000000000000e+01 8.330000000000000071e+00 0.000000000000000000e+00
2.036867327430959307e+01 9.400000000000000000e+01 6.396233739298731180e+00 7.034091370847925795e-01
6.902157010768704914e+00 9.400000000000000000e+01 4.341257152334449643e+00 9.370593856554045864e-01
