1.317645971855793618e+02 1.060000000000000000e+02 8.330000000000000071e+00 0.000000000000000000e+00
1.018999845813514611e+02 1.060000000000000000e+02 7.663383178671046458e+00 5.105644539340936650e-01
7.653425235784058600e+01 1.060000000000000000e+02 7.152616305300560917e+00 6.421470903102568517e-01
5.369356448817379146e+01 1.060000000000000000e+02 6.928109416316167390e+00 6.910623612486084255e-01
2.850812069059401566e+01 1.060000000000000000e+02 6.577267920524409561e+00 6.417489546703462056e-01
8.133942185196371355e+00 1.060000000000000000e+02 4.180403806262963151e+00 4.363343876742891703e-01
1.586675834047588385e-01 1.060000000000000000e+02 5.197185393877259973e-02 7.135293937547642074e-01
1.290222590290025551e+02 1.020000000000000000e+02 8.330000000000000071e+00 0.000000000000000000e+00
9.715714477528409532e+01 1.020000000000000000e+02 7.649674781240600296e+00 5.143089014185145968e-01
7.484297742106333828e+01 1.020000000000000000e+02 7.126144486350845852e+00 6.459486152444253726e-01
5.153012256827257431e+01 1.020000000000000000e+02 6.900641308772585525e+00 6.920402902022171343e-01
2.522555361843397037e+01 1.020000000000000000e+02 6.446116053718919936e+00 6.291937209064858427e-01
6.942863707714384880e+00 1.020000000000000000e+02 3.735512431923367238e+00 4.155795614776054414e-01
2.064508685059456561e-01 1.020000000000000000e+02 8.330000000000000071e+00 0.000000000000000000e+00
1.249227904127293272e+02 9.800000000000000000e+01 8.330000000000000071e+00 0.000000000000000000e+00
9.673345848820092385e+01 9.800000000000000000e+01 7.635188748380627111e+00 5.181581847943373953e-01
7.142989511107089129e+01 9.800000000000000000e+01 7.097735874119334376e+00 6.497804774645767889e-01
4.599700176055030454e+01 9.800000000000000000e+01 6.869013686510164973e+00 6.925358833663578517e-01
2.461972276228012646e+01 9.800000000000000000e+01 6.285928366606404971e+00 6.141974037396938924e-01
5.327924736059943100e+00 9.800000000000000000e+01 3.270807698036107602e+00 3.984315828773437040e-01
1.227986413096752472e+02 9.400000000000000000e+01 8.330000000000000071e+00 0.000000000000000000e+00
9.263075063476233595e+01 9.400000000000000000e+01 7.619847983833338390e+00 5.221163914557537256e-01
6.719117405504549367e+01 9.400000000000000000e+01 7.067123541188236047e+00 6.536306977626271664e-01
4.543564745495762480e+01 9.400000000000000000e+01 6.832097040499652607e+00 6.924224018899012290e-01
2.226570947449275195e+01 9.400000000000000000e+01 6.092923388373916005e+00 5.966812002273262916e-01
5.827219554785060041e+00 9.400000000000000000e+01 2.792026138082624787e+00 3.861711597283373765e-01
