1.404447938335683261e+02 1.060000000000000000e+02 8.330000000000000071e+00 0.000000000000000000e+00
1.090010549084129110e+02 1.060000000000000000e+02 7.694678437235386248e+00 5.016359575943513116e-01
8.375822828829366529e+01 1.060000000000000000e+02 7.211731728061034019e+00 6.328323047718571459e-01
5.926799239444139999e+01 1.060000000000000000e+02 6.984014918304504604e+00 6.871378189555769067e-01
3.732009801173727936e+01 1.060000000000000000e+02 6.804391865920855764e+00 6.638233193601624782e-01
1.447607750080307198e+01 1.060000000000000000e+02 5.169483621703883536e+00 4.963218604354364683e-01
-4.917676242087054561e-03 1.060000000000000000e+02 1.084906749528425030e+00 4.096922233927344781e-01
1.355708938103613264e+02 1.020000000000000000e+02 8.330000000000000071e+00 0.000000000000000000e+00
1.061226090314717112e+02 1.020000000000000000e+02 7.682634062251039175e+00 5.051356151472207179e-01
8.163599434699382584e+01 1.020000000000000000e+02 7.189180161864003438e+00 6.365216036785159570e-01
5.774682568223556700e+01 1.020000000000000000e+02 6.963423529851615612e+00 6.889117373553367285e-01
3.417237299242830062e+01 1.020000000000000000e+02 6.728373449451679811e+00 6.564312580633658856e-01
1.099638080954003883e+01 1.020000000000000000e+02 4.798156378584541137e+00 4.716418481352787628e-01
1.468846659833478618e+00 1.020000000000000000e+02 6.206658658011341423e-01 4.632807624626286702e-01
1.338422761424049838e+02 9.800000000000000000e+01 8.330000000000000071e+00 0.000000000000000000e+00
1.035294300177163080e+02 9.800000000000000000e+01 7.669967308880655033e+00 5.087302882095061651e-01
7.810651450401309148e+01 9.800000000000000000e+01 7.165198294646994981e+00 6.402607262919214337e-01
5.507520055948459259e+01 9.800000000000000000e+01 6.940572120138256196e+00 6.904256458884093783e-01
2.914443974380133895e+01 9.800000000000000000e+01 6.633216472419815268e+00 6.471666919778366056e-01
8.978402179328057287e+00 9.800000000000000000e+01 4.393618713792108998e+00 4.476910780657010203e-01
2.419923166123453484e+00 9.800000000000000000e+01 2.077755011575432853e-01 5.849116781752051741e-01
1.310611614213876521e+02 9.400000000000000000e+01 8.330000000000000071e+00 0.000000000000000000e+00
1.006232228797020980e+02 9.400000000000000000e+01 7.656621740441972079e+00 5.124238256892253984e-01
7.553425016473998710e+01 9.400000000000000000e+01 7.139607439345556195e+00 6.440434183845982208e-01
5.197989691397968670e+01 9.400000000000000000e+01 6.914834264018407062e+00 6.916046499626360422e-01
2.927820125954950115e+01 9.400000000000000000e+01 6.515070903589182727e+00 6.357667356999633368e-01
7.497631186414974280e+00 9.400000000000000000e+01 3.960796986333961378e+00 4.255816224827465577e-01
3.557424023052149220e-01 9.400000000000000000e+01 0.000000000000000000e+00 9.836421113395430460e-01
