1.157729507685087071e+02 1.060000000000000000e+02 8.330000000000000071e+00 0.000000000000000000e+00
8.610281239560306688e+01 1.060000000000000000e+02 7.586238924964813002e+00 5.303761956703102465e-01
6.091073702104077370e+01 1.060000000000000000e+02 6.997979292472478186e+00 6.613226386514420296e-01
3.894820952583489770e+01 1.060000000000000000e+02 6.736448848481969343e+00 6.897251131713370009e-01
1.781319358135674946e+01 1.060000000000000000e+02 5.597038475144995751e+00 5.546103748624811036e-01
2.906355103328176703e+00 1.060000000000000000e+02 1.814425292880160523e+00 3.831213140271065853e-01
1.124840182231429822e+02 1.020000000000000000e+02 8.330000000000000071e+00 0.000000000000000000e+00
8.358664643059685773e+01 1.020000000000000000e+02 7.567756160998559523e+00 5.346861612158065880e-01
5.676390252659279412e+01 1.020000000000000000e+02 6.958649284043053385e+00 6.651234305990560980e-01
3.807362857800337252e+01 1.020000000000000000e+02 6.673895654757168394e+00 6.867454944641874226e-01
1.490186625987969116e+01 1.020000000000000000e+02 5.291505606073452661e+00 5.308449447572807234e-01
3.177906597175516268e+00 1.020000000000000000e+02 1.327350662181905561e+00 3.983531434768233792e-01
1.086058264513096532e+02 9.800000000000000000e+01 8.330000000000000071e+00 0.000000000000000000e+00
8.122304463337586355e+01 9.800000000000000000e+01 7.547985574180422930e+00 5.391217343071335044e-01
5.764230392218155430e+01 9.800000000000000000e+01 6.915502576078662145e+00 6.688600055531824795e-01
3.306637088152618276e+01 9.800000000000000000e+01 6.598341485281969732e+00 6.823663027637589806e-01
1.245563338846826795e+01 9.800000000000000000e+01 4.948412607512710615e+00 5.061564953919687193e-01
8.950716491630537064e-01 9.800000000000000000e+01 8.524882994646622025e-01 4.341176098214751256e-01
1.077585613127886859e+02 9.400000000000000000e+01 8.330000000000000071e+00 0.000000000000000000e+00
7.625360120442246625e+01 9.400000000000000000e+01 7.526777312735955405e+00 5.436870499239015997e-01
5.248985909862395971e+01 9.400000000000000000e+01 6.867958467394858602e+00 6.725014364611181517e-01
3.067234838987160117e+01 9.400000000000000000e+01 6.506909603994881941e+00 6.763249532047395096e-01
9.427214811990610954e+00 9.400000000000000000e+01 4.570416831566502580e+00 4.814580830662136268e-01
2.030561369792748039e+00 9.400000000000000000e+01 4.083201413506585276e-01 5.117142951662000394e-01
