1.906187011749245528e+02 1.060000000000000000e+02 8.330000000000000071e+00 0.000000000000000000e+00
1.552432095677758923e+02 1.060000000000000000e+02 7.825069077015088581e+00 4.583278704553614968e-01
1.280093326373654463e+02 1.060000000000000000e+02 7.446141262456933418e+00 5.845970069101805722e-01
1.033101693128397329e+02 1.060000000000000000e+02 7.192832073861831432e+00 6.515153861971574312e-01
7.639596864410344779e+01 1.060000000000000000e+02 7.104981926838878969e+00 6.785608362169045504e-01
5.364729872044428305e+01 1.060000000000000000e+02 7.102513067047125261e+00 6.691740674654889087e-01
3.017831735833870965e+01 1.060000000000000000e+02 6.643940496423249797e+00 6.044230491411628492e-01
6.156612575830240353e+00 1.060000000000000000e+02 3.981951605925349469e+00 4.139283547894118120e-01
2.074843046764740961e+00 1.060000000000000000e+02 0.000000000000000000e+00 9.767195079958643777e-01
1.871461493129288840e+02 1.020000000000000000e+02 8.330000000000000071e+00 0.000000000000000000e+00
1.524318370729313870e+02 1.020000000000000000e+02 7.818465464894336137e+00 4.607748051855585225e-01
1.248568120976760554e+02 1.020000000000000000e+02 7.434509851110438383e+00 5.874100515459049765e-01
9.898686238528719628e+01 1.020000000000000000e+02 7.181412771361460834e+00 6.539339996764830243e-01
7.390053345045122057e+01 1.020000000000000000e+02 7.098951056359323886e+00 6.796567361248796457e-01
5.067075030221984377e+01 1.020000000000000000e+02 7.086298901070484213e+00 6.672363506770194741e-01
2.548728659966243271e+01 1.020000000000000000e+02 6.492894150837907219e+00 5.902459583316567171e-01
7.911183151863173890e+00 1.020000000000000000e+02 3.521684575546386586e+00 3.958261486624083392e-01
1.820431934608633640e+02 9.800000000000000000e+01 8.330000000000000071e+00 0.000000000000000000e+00
1.466516912654653026e+02 9.800000000000000000e+01 7.811637548111328933e+00 4.632746448010978124e-01
1.220179401093423337e+02 9.800000000000000000e+01 7.422469949690714053e+00 5.902757540060825647e-01
9.875655907075164919e+01 9.800000000000000000e+01 7.169778648351652350e+00 6.563704903377461930e-01
7.205047572656744137e+01 9.800000000000000000e+01 7.092676883895123296e+00 6.806586117785857759e-01
4.729401967731310208e+01 9.800000000000000000e+01 7.065051998035528413e+00 6.647206101452395322e-01
2.130504460114948628e+01 9.800000000000000000e+01 6.309105047825744883e+00 5.736689777303237703e-01
4.852389630103731477e+00 9.800000000000000000e+01 3.044945048783817221e+00 3.820147236312744776e-01
1.801433113413360161e+02 9.400000000000000000e+01 8.330000000000000071e+00 0.000000000000000000e+00
1.457894409398211337e+02 9.400000000000000000e+01 7.804572497674620912e+00 4.658293650172172229e-01
1.181725672779175653e+02 9.400000000000000000e+01 7.409995785992715689e+00 5.931954931322007685e-01
9.525522261280258363e+01 9.400000000000000000e+01 7.157920192106430157e+00 6.588227978594617396e-01
6.984246810207525868e+01 9.400000000000000000e+01 7.086024852694949416e+00 6.815465834151841484e-01
4.316488371397856838e+01 9.400000000000000000e+01 7.037306195158876676e+00 6.614893002268470434e-01
2.117826251099853252e+01 9.400000000000000000e+01 6.089036265452138608e+00 5.547053454491450708e-01
3.805476463387944097e+00 9.400000000000000000e+01 2.557412794728028516e+00 3.738629568971079675e-01
