1.245327192185450684e+02 1.060000000000000000e+02 8.330000000000000071e+00 0.000000000000000000e+00
9.534135913400363904e+01 1.060000000000000000e+02 7.627630423493329204e+00 5.201234146426898519e-01
6.791527976681432222e+01 1.060000000000000000e+02 7.082723590540806136e+00 6.517041550242244075e-01
4.607197503503288516e+01 1.060000000000000000e+02 6.851297353351497144e+00 6.925642051560794155e-01
2.161977769348105127e+01 1.060000000000000000e+02 6.193743796741861374e+00 6.057535895618723076e-01
5.666858376347946091e+00 1.060000000000000000e+02 3.032824794452867678e+00 3.916034664283167266e-01
1.208466527701122146e+02 1.020000000000000000e+02 8.330000000000000071e+00 0.000000000000000000e+00
9.155248827476681583e+01 1.020000000000000000e+02 7.611830116709041860e+00 5.241376352634296021e-01
6.607296932748045037e+01 1.020000000000000000e+02 7.050895022698779435e+00 6.555581295015527887e-01
4.315860554809297156e+01 1.020000000000000000e+02 6.811227948052906100e+00 6.920904302317107959e-01
1.920347625445624118e+01 1.020000000000000000e+02 5.983100270192309722e+00 5.869956015323363197e-01
4.483181190835164642e+00 1.020000000000000000e+02 2.549098751099019733e+00 3.823357131510066731e-01
1.188194553279335821e+02 9.800000000000000000e+01 8.330000000000000071e+00 0.000000000000000000e+00
8.699983742909007844e+01 9.800000000000000000e+01 7.595038943034987611e+00 5.282670137428683299e-01
6.384181308121532794e+01 9.800000000000000000e+01 7.016372580349528043e+00 6.594066491580121703e-01
4.038647605117194672e+01 9.800000000000000000e+01 6.763641848591727346e+00 6.907665295941822770e-01
1.708473750690606963e+01 9.800000000000000000e+01 5.735330652854897515e+00 5.659111117018041925e-01
1.516302563466386477e+00 9.800000000000000000e+01 2.059590927230358304e+00 3.804679504304667725e-01
1.146611449663989504e+02 9.400000000000000000e+01 8.330000000000000071e+00 0.000000000000000000e+00
8.588462824332839318e+01 9.400000000000000000e+01 7.577149926843863348e+00 5.325157374166455959e-01
6.333804058076062660e+01 9.400000000000000000e+01 6.978758276300652597e+00 6.632292965361304971e-01
3.804889398020789315e+01 9.400000000000000000e+01 6.706632771193309139e+00 6.883945640448659864e-01
1.620450087149479046e+01 9.400000000000000000e+01 5.449071220700254514e+00 5.428934145490298402e-01
2.553870414486203000e+00 9.400000000000000000e+01 1.570028847052785226e+00 3.888283367595074536e-01
