1.998329634089940328e+02 1.060000000000000000e+02 8.330000000000000071e+00 0.000000000000000000e+00
1.631252441448567083e+02 1.060000000000000000e+02 7.840672488167929721e+00 4.524298595617121110e-01
1.352168108194568106e+02 1.060000000000000000e+02 7.473581732430723434e+00 5.777857397323264976e-01
1.092349146152372725e+02 1.060000000000000000e+02 7.220484216514504006e+00 6.455566222960228417e-01
8.530693048856137750e+01 1.060000000000000000e+02 7.119582959733229188e+00 6.755077622983671759e-01
5.972923205672621094e+01 1.060000000000000000e+02 7.128087268661234432e+00 6.721686449756330006e-01
3.468626176953871720e+01 1.060000000000000000e+02 6.905308015213174500e+00 6.304153648770063345e-01
1.290997290166252576e+01 1.060000000000000000e+02 5.022689682689004620e+00 4.701120659061527873e-01
5.607230473221462841e-01 1.060000000000000000e+02 8.558578133202009441e-01 4.290042067963906192e-01
1.958962388394116090e+02 1.020000000000000000e+02 8.330000000000000071e+00 0.000000000000000000e+00
1.613853250161612038e+02 1.020000000000000000e+02 7.834579630172048503e+00 4.547525726267868662e-01
1.309469129306611990e+02 1.020000000000000000e+02 7.462873234656454358e+00 5.804731560164314574e-01
1.081102529779586376e+02 1.020000000000000000e+02 7.209573635649006995e+00 6.479243654494072358e-01
8.391987021944029834e+01 1.020000000000000000e+02 7.113782181681504113e+00 6.767749534814916368e-01
5.716235359282414663e+01 1.020000000000000000e+02 7.119879735282443889e+00 6.712348464329578324e-01
3.165002174290566828e+01 1.020000000000000000e+02 6.818078900926352048e+00 6.214950762717814658e-01
8.729658633545820834e+00 1.020000000000000000e+02 4.628714865524259814e+00 4.464830126464252591e-01
9.038351159484521169e-01 1.020000000000000000e+02 4.093774534248352803e-01 5.080308015685446321e-01
1.929130052663875290e+02 9.800000000000000000e+01 8.330000000000000071e+00 0.000000000000000000e+00
1.553689297538121821e+02 9.800000000000000000e+01 7.828290510717753392e+00 4.571236507779122271e-01
1.286113472308748271e+02 9.800000000000000000e+01 7.451811199725114854e+00 5.832097996248548633e-01
1.061191236180817867e+02 9.800000000000000000e+01 7.198463500763375045e+00 6.503132964753751688e-01
7.921504938635150950e+01 9.800000000000000000e+01 7.107938358309893623e+00 6.779827691803080869e-01
5.599334806987627644e+01 9.800000000000000000e+01 7.109107446460916968e+00 6.699619478925856741e-01
3.042151726316792448e+01 9.800000000000000000e+01 6.708449418980285905e+00 6.106476489156854592e-01
8.216212303931166971e+00 9.800000000000000000e+01 4.204081745323133390e+00 4.242059259373978652e-01
1.528841163689607097e+00 9.800000000000000000e+01 5.506341272478615378e-02 7.097300234170056399e-01
1.899575027819004731e+02 9.400000000000000000e+01 8.330000000000000071e+00 0.000000000000000000e+00
1.526739266830726649e+02 9.400000000000000000e+01 7.821794546175723006e+00 4.595448444722476378e-01
1.281671499951783915e+02 9.400000000000000000e+01 7.440375100887864690e+00 5.859970333858092184e-01
1.014965183900352770e+02 9.400000000000000000e+01 7.187148777920644882e+00 6.527223490546889551e-01
7.765971282913626794e+01 9.400000000000000000e+01 7.101989967483596011e+00 6.791194566401025368e-01
5.073003869251586195e+01 9.400000000000000000e+01 7.094955827138941906e+00 6.682699246950476457e-01
2.647861449762250530e+01 9.400000000000000000e+01 6.572262914117705357e+00 5.976291610038366731e-01
7.444502638049416809e+00 9.400000000000000000e+01 3.754240971192252196e+00 4.044187856735718678e-01
8.268893369985940156e-01 9.400000000000000000e+01 8.330000000000000071e+00 0.000000000000000000e+00
