7.512860834098347595e+01 1.060000000000000000e+02 8.330000000000000071e+00 0.000000000000000000e+00
4.984871113125614528e+01 1.060000000000000000e+02 7.209064274956197060e+00 5.944697055500435257e-01
2.889614307920447800e+01 1.060000000000000000e+02 6.037447564271515077e+00 6.965768633250645214e-01
9.177782913907858386e+00 1.060000000000000000e+02 4.271723254102888667e+00 5.113072803541904854e-01
9.138434727892127407e-01 1.060000000000000000e+02 2.475524061119364350e-01 5.772314226243683288e-01
7.062932359733491694e+01 1.020000000000000000e+02 8.330000000000000071e+00 0.000000000000000000e+00
4.644609283160372826e+01 1.020000000000000000e+02 7.156686061004231547e+00 6.007926546499793297e-01
2.639830008339636436e+01 1.020000000000000000e+02 5.891518263214776674e+00 6.983623998266763611e-01
7.107749274745601475e+00 1.020000000000000000e+02 3.869138233263710536e+00 4.875689325894461690e-01
1.432473567565095918e+00 1.020000000000000000e+02 0.000000000000000000e+00 9.046000442742668790e-01
6.569815093827281771e+01 9.800000000000000000e+01 8.330000000000000071e+00 0.000000000000000000e+00
4.325212591395985129e+01 9.800000000000000000e+01 7.099092279053087928e+00 6.074040097196035104e-01
2.388871301227921151e+01 9.800000000000000000e+01 5.732332152588029750e+00 7.006651463289270687e-01
6.841911437267492069e+00 9.800000000000000000e+01 3.442617916261821787e+00 4.652859247754142502e-01
6.411829251864129731e+01 9.400000000000000000e+01 8.330000000000000071e+00 0.000000000000000000e+00
4.290689515647111563e+01 9.400000000000000000e+01 7.035866787694928348e+00 6.143767530765674723e-01
2.145011618818209698e+01 9.400000000000000000e+01 5.560612604365060108e+00 7.040125948763570340e-01
6.322554279848994874e+00 9.400000000000000000e+01 2.996785033123166020e+00 4.454795543812661296e-01
