1.490897300899969764e+02 1.060000000000000000e+02 8.330000000000000071e+00 0.000000000000000000e+00
1.172732839214580736e+02 1.060000000000000000e+02 7.722381711153816219e+00 4.932783630419431131e-01
8.945825135722415666e+01 1.060000000000000000e+02 7.262801471066212322e+00 6.238540983210753010e-01
6.826870568042933485e+01 1.060000000000000000e+02 7.028546853355691404e+00 6.819291593054150891e-01
4.195648221004340428e+01 1.060000000000000000e+02 6.932519191151941484e+00 6.758512278704903453e-01
1.916525201318909666e+01 1.060000000000000000e+02 5.931650749067125084e+00 5.549295855035485392e-01
2.748875400940209879e+00 1.060000000000000000e+02 2.306738858350604104e+00 3.748837003385507849e-01
1.473118012802139276e+02 1.020000000000000000e+02 8.330000000000000071e+00 0.000000000000000000e+00
1.131047385395458775e+02 1.020000000000000000e+02 7.711686050660683023e+00 4.965565057821667572e-01
8.852081820958160563e+01 1.020000000000000000e+02 7.243204992021247790e+00 6.274014987488574224e-01
6.602581524379327504e+01 1.020000000000000000e+02 7.011702300826784473e+00 6.841170678251318193e-01
4.077604584373011676e+01 1.020000000000000000e+02 6.890050755844510100e+00 6.719892646099268063e-01
1.720357545162979562e+01 1.020000000000000000e+02 5.656379189553217834e+00 5.325244366002586105e-01
1.742567522423118298e+00 1.020000000000000000e+02 1.814298021155524632e+00 3.785324107461711662e-01
1.421492484156500495e+02 9.800000000000000000e+01 8.330000000000000071e+00 0.000000000000000000e+00
1.104023076429439953e+02 9.800000000000000000e+01 7.700483105185568888e+00 4.999205896539166694e-01
8.518565012305008111e+01 9.800000000000000000e+01 7.222519738062907813e+00 6.310078368819315164e-01
6.153593531160422714e+01 9.800000000000000000e+01 6.993620338367488642e+00 6.861725846796102868e-01
3.539515039146101572e+01 9.800000000000000000e+01 6.836331852422796729e+00 6.669020979222933798e-01
1.425114386207122230e+01 9.800000000000000000e+01 5.341458292150047527e+00 5.086120639718648695e-01
2.834362980023992229e+00 9.800000000000000000e+01 1.325422064489781837e+00 3.946944767530436993e-01
1.397500663404211139e+02 9.400000000000000000e+01 8.330000000000000071e+00 0.000000000000000000e+00
1.081032493269755008e+02 9.400000000000000000e+01 7.688730778981824443e+00 5.033741453861586557e-01
8.160925519899176095e+01 9.400000000000000000e+01 7.200624635490453507e+00 6.346704031728939155e-01
5.875735836953501234e+01 9.400000000000000000e+01 6.973968318684926615e+00 6.880532182857649337e-01
3.506939829203036396e+01 9.400000000000000000e+01 6.768547020515243595e+00 6.603443154304756701e-01
1.256866053671349626e+01 9.400000000000000000e+01 4.988239450568098476e+00 4.839571899611677108e-01
1.620917494575538687e+00 9.400000000000000000e+01 8.491161536063922544e-01 4.315232889727484977e-01
