5.864011889878550221e+01 1.060000000000000000e+02 8.330000000000000071e+00 0.000000000000000000e+00
3.606105154360252385e+01 1.060000000000000000e+02 6.891335256596794245e+00 6.298926953938167594e-01
1.906731129264044355e+01 1.060000000000000000e+02 5.187094215128878361e+00 7.171859603360623003e-01
3.982665883211218283e+00 1.060000000000000000e+02 2.066058692714165979e+00 4.184855918819858633e-01
5.267590896885682383e+01 1.020000000000000000e+02 8.330000000000000071e+00 0.000000000000000000e+00
3.262897711861074157e+01 1.020000000000000000e+02 6.809904401609853331e+00 6.388308899142020048e-01
1.501247970966622347e+01 1.020000000000000000e+02 4.992285491749963278e+00 7.296051208820115708e-01
1.724979812230358789e+00 1.020000000000000000e+02 1.590890963475088293e+00 4.155297200726519313e-01
5.194424026162013774e+01 9.800000000000000000e+01 8.330000000000000071e+00 0.000000000000000000e+00
2.802958858171398049e+01 9.800000000000000000e+01 6.722817955724671890e+00 6.489753070488107900e-01
1.383104338208799078e+01 9.800000000000000000e+01 4.799882366009575740e+00 7.486160591100491368e-01
3.810864221698474275e+00 9.800000000000000000e+01 1.117098064977880778e+00 4.255967535423603731e-01
4.824135195139516696e+01 9.400000000000000000e+01 8.330000000000000071e+00 0.000000000000000000e+00
2.628768046584262663e+01 9.400000000000000000e+01 6.631068649364543433e+00 6.608200825244818777e-01
1.222070212265635725e+01 9.400000000000000000e+01 4.619366098729555503e+00 7.775062152282516958e-01
9.095483472398467883e-01 9.400000000000000000e+01 6.551905030462139568e-01 4.607748702443991151e-01
