1.675711087455003678e+02 1.060000000000000000e+02 8.330000000000000071e+00 0.000000000000000000e+00
1.319134168983095776e+02 1.060000000000000000e+02 7.769442663325436094e+00 4.780628757797328876e-01
1.062843830628587085e+02 1.060000000000000000e+02 7.347649021685647597e+00 6.070384291218133832e-01
8.208698462100279869e+01 1.060000000000000000e+02 7.101320150904220085e+00 6.699626769296901374e-01
5.745380189108920632e+01 1.060000000000000000e+02 7.045012365624861772e+00 6.833066374498850681e-01
3.273622608199485740e+01 1.060000000000000000e+02 6.772913004831190520e+00 6.328906958339224342e-01
1.173910712862397077e+01 1.060000000000000000e+02 4.617549209503960306e+00 4.505846717900284237e-01
-4.897836979569425431e-01 1.060000000000000000e+02 4.052479007847450965e-01 5.093255078980387651e-01
1.622047107689450343e+02 1.020000000000000000e+02 8.330000000000000071e+00 0.000000000000000000e+00
1.298818873370570941e+02 1.020000000000000000e+02 7.760789213140091292e+00 4.809594304584596247e-01
1.024455778048808554e+02 1.020000000000000000e+02 7.332184677567870068e+00 6.102781303092044141e-01
7.811080194032484769e+01 1.020000000000000000e+02 7.087842847563469384e+00 6.724290459056579961e-01
5.265468201614139332e+01 1.020000000000000000e+02 7.031057503277437171e+00 6.829202009876023105e-01
3.071523505985519265e+01 1.020000000000000000e+02 6.664956741182670896e+00 6.219620244345369642e-01
9.028279346187899179e+00 1.020000000000000000e+02 4.194460390707431152e+00 4.279805646602714009e-01
1.580743159523089636e+00 1.020000000000000000e+02 5.241829643549979212e-02 7.125146239848666463e-01
1.596058236879590879e+02 9.800000000000000000e+01 8.330000000000000071e+00 0.000000000000000000e+00
1.262022944061085070e+02 9.800000000000000000e+01 7.751782568091579506e+00 4.839263473077983213e-01
9.959021349517072963e+01 9.800000000000000000e+01 7.316031834566828707e+00 6.135792662920838136e-01
7.292188744095452080e+01 9.800000000000000000e+01 7.073926784722217143e+00 6.748737179326581570e-01
5.095792317810850847e+01 9.800000000000000000e+01 7.013956350400011530e+00 6.820976857805152171e-01
2.667238177059271109e+01 9.800000000000000000e+01 6.530821975623714692e+00 6.088190967809669063e-01
5.127457454596035191e+00 9.800000000000000000e+01 3.746066060964917011e+00 4.078613209317470956e-01
1.696164914589442629e+00 9.800000000000000000e+01 8.330000000000000071e+00 0.000000000000000000e+00
1.549237728506381586e+02 9.400000000000000000e+01 8.330000000000000071e+00 0.000000000000000000e+00
1.215813213539678941e+02 9.400000000000000000e+01 7.742397886665188800e+00 4.869664677666839525e-01
9.660742998576793639e+01 9.400000000000000000e+01 7.299130786551761396e+00 6.169423127177646737e-01
7.215349019699229416e+01 9.400000000000000000e+01 7.059486740782427106e+00 6.772837089933015919e-01
4.990929502440676657e+01 9.400000000000000000e+01 6.992719697082503849e+00 6.807351070825057304e-01
2.417215915573789076e+01 9.400000000000000000e+01 6.366342505348660197e+00 5.932821995894913547e-01
5.584713912905442612e+00 9.400000000000000000e+01 3.278165755498240852e+00 3.914121887235552655e-01
