6.600855434379782594e+01 1.060000000000000000e+02 8.330000000000000071e+00 0.000000000000000000e+00
4.231718335044818247e+01 1.060000000000000000e+02 7.068206956308978661e+00 6.108394139169317505e-01
2.379535176932068197e+01 1.060000000000000000e+02 5.647962635968619693e+00 7.021671677049183824e-01
6.477753854028832414e+00 1.060000000000000000e+02 3.221820756406235997e+00 4.550045114502304644e-01
6.261496488267291483e+01 1.020000000000000000e+02 8.330000000000000071e+00 0.000000000000000000e+00
3.854536521958451800e+01 1.020000000000000000e+02 7.002032982553684448e+00 6.180308074254877715e-01
2.136514684939174913e+01 1.020000000000000000e+02 5.470510236057589459e+00 7.063036993609355108e-01
5.205526765917084298e+00 1.020000000000000000e+02 2.768100793042120422e+00 4.368659165248834908e-01
5.872345095021228190e+01 9.800000000000000000e+01 8.330000000000000071e+00 0.000000000000000000e+00
3.766915539160647342e+01 9.800000000000000000e+01 6.929777607537550566e+00 6.257647165815478640e-01
1.940289067495672626e+01 9.800000000000000000e+01 5.283324670785289001e+00 7.127322299680780571e-01
5.227569071905480591e+00 9.800000000000000000e+01 2.302141455697355177e+00 4.231245241919275868e-01
5.652580283010408380e+01 9.400000000000000000e+01 8.330000000000000071e+00 0.000000000000000000e+00
3.254124336536495576e+01 9.400000000000000000e+01 6.851364583376230222e+00 6.342352955684210647e-01
1.738064566128749178e+01 9.400000000000000000e+01 5.089844570969071391e+00 7.227282932008747274e-01
3.722604329476834284e+00 9.400000000000000000e+01 1.828741987512930933e+00 4.157871707519558147e-01
