9.018795213939345956e+01 1.060000000000000000e+02 8.330000000000000071e+00 0.000000000000000000e+00
6.425310932315547063e+01 1.060000000000000000e+02 7.408333331925063270e+00 5.659479792243136131e-01
4.198852187950112125e+01 1.060000000000000000e+02 6.579561858986940237e+00 6.867237566334351007e-01
2.173746680410869558e+01 1.060000000000000000e+02 5.808809211628070734e+00 6.220523806353494001e-01
3.815635807637728583e+00 1.060000000000000000e+02 2.562739228444018469e+00 3.998963817200217874e-01
8.684230842024669528e+01 1.020000000000000000e+02 8.330000000000000071e+00 0.000000000000000000e+00
6.016627995831912301e+01 1.020000000000000000e+02 7.375417545586068435e+00 5.713037539611363069e-01
4.006514553378163157e+01 1.020000000000000000e+02 6.493512019888646236e+00 6.891901659098702559e-01
1.864047102996030958e+01 1.020000000000000000e+02 5.570599878429633556e+00 6.032388015132953418e-01
3.685816396730830835e+00 1.020000000000000000e+02 2.080693657998651691e+00 3.961869161449194099e-01
8.546547291293033766e+01 9.800000000000000000e+01 8.330000000000000071e+00 0.000000000000000000e+00
5.853419188081284119e+01 9.800000000000000000e+01 7.339428420501866057e+00 5.768214240334819110e-01
3.515011217947174060e+01 9.800000000000000000e+01 6.397250914273946876e+00 6.913608862339629679e-01
1.491791749373219389e+01 9.800000000000000000e+01 5.297347252215137026e+00 5.822236000346781015e-01
-2.058471130196966037e-01 9.800000000000000000e+01 1.597655662735314674e+00 4.022126386186566371e-01
8.048595238129192353e+01 9.400000000000000000e+01 8.330000000000000071e+00 0.000000000000000000e+00
5.308208391077944555e+01 9.400000000000000000e+01 7.299986666352391573e+00 5.825108996613347356e-01
3.387852562631444187e+01 9.400000000000000000e+01 6.289742560503366775e+00 6.932585731294433895e-01
1.417600829062089574e+01 9.400000000000000000e+01 4.988809753958598492e+00 5.594551876780285982e-01
1.803269683560693615e+00 9.400000000000000000e+01 1.120650638605881655e+00 4.230211104838480507e-01
