2.498496250522351829e+02 1.060000000000000000e+02 8.330000000000000071e+00 0.000000000000000000e+00
2.105823271962554486e+02 1.060000000000000000e+02 7.913882692712831179e+00 4.224194660710674509e-01
1.813447828837354336e+02 1.060000000000000000e+02 7.601848348322743476e+00 5.425459871974656068e-01
1.529330526539114601e+02 1.060000000000000000e+02 7.362380342133187483e+00 6.128116181861028577e-01
1.264783772311394330e+02 1.060000000000000000e+02 7.212122101613045011e+00 6.533419323950320212e-01
1.035310491720915991e+02 1.060000000000000000e+02 7.168205533028475962e+00 6.690114468111411083e-01
8.018362340348747352e+01 1.060000000000000000e+02 7.192179216796637853e+00 6.657387848015158260e-01
5.069224910775559323e+01 1.060000000000000000e+02 7.172737546957549171e+00 6.502144181765799891e-01
2.820451853693261768e+01 1.060000000000000000e+02 6.606281098431516341e+00 5.882859869087417870e-01
7.868234087730121118e+00 1.060000000000000000e+02 3.769046052367983179e+00 4.023635056163094581e-01
8.223608024467943256e-01 1.060000000000000000e+02 8.330000000000000071e+00 0.000000000000000000e+00
2.459062588498335629e+02 1.020000000000000000e+02 8.330000000000000071e+00 0.000000000000000000e+00
2.079757212982501073e+02 1.020000000000000000e+02 7.909848908706228698e+00 4.241802510971219853e-01
1.784543657087010331e+02 1.020000000000000000e+02 7.594793358168743680e+00 5.446376717489656016e-01
1.516647592909545210e+02 1.020000000000000000e+02 7.354087730946226031e+00 6.148328118428179057e-01
1.235589280386516720e+02 1.020000000000000000e+02 7.205661715372571052e+00 6.548937110794540439e-01
1.005711321489772843e+02 1.020000000000000000e+02 7.165943206003190902e+00 6.696961793617236536e-01
7.480603071682241989e+01 1.020000000000000000e+02 7.191346773176341856e+00 6.654522788731483951e-01
4.904953244748421781e+01 1.020000000000000000e+02 7.153818971590923503e+00 6.478360127267260848e-01
2.212693237292499759e+01 1.020000000000000000e+02 6.437549979167529024e+00 5.733565139654305254e-01
5.885920618078827715e+00 1.020000000000000000e+02 3.299238991890829809e+00 3.864618674228088580e-01
2.438246634403862743e+02 9.800000000000000000e+01 8.330000000000000071e+00 0.000000000000000000e+00
2.037614729330599914e+02 9.800000000000000000e+01 7.905715339471285574e+00 4.259708824571263874e-01
1.738265938132213648e+02 9.800000000000000000e+01 7.587562892514730706e+00 5.467619536261328905e-01
1.488068832368889503e+02 9.800000000000000000e+01 7.345641452426988849e+00 6.168764678630864751e-01
1.221604924589639865e+02 9.800000000000000000e+01 7.199216706781549568e+00 6.564430112025221309e-01
9.962541796526326721e+01 9.800000000000000000e+01 7.163806708039722082e+00 6.703429491113934713e-01
7.044935721102501702e+01 9.800000000000000000e+01 7.190053869762823346e+00 6.650726159065857290e-01
4.738610685541224399e+01 9.800000000000000000e+01 7.128920744076491900e+00 6.448742280418401362e-01
2.308837997964305799e+01 9.800000000000000000e+01 6.234093760910155879e+00 5.560356899927055840e-01
5.028233652029725498e+00 9.800000000000000000e+01 2.815830658035076262e+00 3.754700906764810719e-01
2.377880541859626362e+02 9.400000000000000000e+01 8.330000000000000071e+00 0.000000000000000000e+00
2.019518926156639793e+02 9.400000000000000000e+01 7.901477931663503540e+00 4.277922523411073485e-01
1.715423510654812276e+02 9.400000000000000000e+01 7.580149708391746621e+00 5.489197051131344818e-01
1.438188650233328758e+02 9.400000000000000000e+01 7.337038377549589541e+00 6.189428114814824466e-01
1.185833211645611698e+02 9.400000000000000000e+01 7.192794003200297048e+00 6.579886083883604853e-01
9.408516792507711557e+01 9.400000000000000000e+01 7.161787110043984939e+00 6.709482645536586354e-01
6.858358934487121417e+01 9.400000000000000000e+01 7.188119924180424114e+00 6.645821603902815067e-01
4.371908084434662101e+01 9.400000000000000000e+01 7.096386600682253132e+00 6.411794911314587786e-01
2.092277395606761559e+01 9.400000000000000000e+01 5.992824595736774285e+00 5.364223877942640994e-01
3.778070413169638542e+00 9.400000000000000000e+01 2.324387064693253624e+00 3.709083615309670123e-01
