4.124279423198215966e+01 1.060000000000000000e+02 8.330000000000000071e+00 0.000000000000000000e+00
2.195835437118326894e+01 1.060000000000000000e+02 6.442008863480731762e+00 6.927993003004156991e-01
9.128604526781296968e+00 1.060000000000000000e+02 4.361781610606001891e+00 8.893898917319706943e-01
-9.408606220802556708e-01 1.060000000000000000e+02 8.330000000000000071e+00 8.660197846189225501e+00
3.578922498766637261e+01 1.020000000000000000e+02 8.330000000000000071e+00 0.000000000000000000e+00
1.934601675951997990e+01 1.020000000000000000e+02 6.352463659817128239e+00 7.155109491074037598e-01
5.264971271245442175e+00 1.020000000000000000e+02 4.352365397048702178e+00 9.981505601714563136e-01
3.591739390114750563e+01 9.800000000000000000e+01 8.330000000000000071e+00 0.000000000000000000e+00
1.517988536515180265e+01 9.800000000000000000e+01 6.275290522827924100e+00 7.455287067619549290e-01
6.250059404901232796e+00 9.800000000000000000e+01 4.530338689223353477e+00 1.185804738929507662e+00
3.098449118208801778e+01 9.400000000000000000e+01 8.330000000000000071e+00 0.000000000000000000e+00
1.155804857595680701e+01 9.400000000000000000e+01 6.222287413443956083e+00 7.864590666912119055e-01
1.919585155579638158e+00 9.400000000000000000e+01 5.160547995577028146e+00 1.570357476156904797e+00
