2.153611002318521344e+02 1.060000000000000000e+02 8.330000000000000071e+00 0.000000000000000000e+00
1.783004298427082972e+02 1.060000000000000000e+02 7.868514271251186187e+00 4.414859969214687263e-01
1.500479827328169620e+02 1.060000000000000000e+02 7.522432212332597956e+00 5.650411207684735704e-01
1.244861182341222872e+02 1.060000000000000000e+02 7.272171035909942738e+00 6.340573771004368586e-01
1.005850170519823763e+02 1.060000000000000000e+02 7.149045943259287661e+00 6.685652347705517418e-01
7.642522804714207041e+01 1.060000000000000000e+02 7.148562807689515353e+00 6.735658019219732395e-01
4.953016979703549794e+01 1.060000000000000000e+02 7.125479425052945182e+00 6.550607126487223431e-01
2.330102358458143641e+01 1.060000000000000000e+02 6.425812630324589492e+00 5.764122068667086873e-01
7.265812483542087641e+00 1.060000000000000000e+02 3.291944839576661064e+00 3.869657313701490575e-01
2.140994261556982678e+02 1.020000000000000000e+02 8.330000000000000071e+00 0.000000000000000000e+00
1.762609435423559319e+02 1.020000000000000000e+02 7.863268040379535861e+00 4.435904244823867804e-01
1.472996274139267712e+02 1.020000000000000000e+02 7.513236046250373334e+00 5.675019393203594165e-01
1.215439230411000295e+02 1.020000000000000000e+02 7.262205570398283960e+00 6.363107195854991183e-01
9.676820210042727410e+01 1.020000000000000000e+02 7.143037759852634672e+00 6.700141812822640874e-01
7.103111810015614935e+01 1.020000000000000000e+02 7.146049154979694507e+00 6.736013304676492508e-01
4.715623263436646084e+01 1.020000000000000000e+02 7.101112999322568342e+00 6.520387947311465648e-01
2.275876309255302843e+01 1.020000000000000000e+02 6.222889431729427656e+00 5.588866267495339324e-01
5.534857318147356153e+00 1.020000000000000000e+02 2.808652301694130937e+00 3.759362622528285569e-01
2.061000252070612646e+02 9.800000000000000000e+01 8.330000000000000071e+00 0.000000000000000000e+00
1.727763604635896968e+02 9.800000000000000000e+01 7.857868450125714332e+00 4.457356085495369213e-01
1.432131505788050561e+02 9.800000000000000000e+01 7.503767252269938126e+00 5.700055768537309886e-01
1.185471985783607778e+02 9.800000000000000000e+01 7.252057019022902118e+00 6.385875584637789038e-01
9.495217713929331182e+01 9.800000000000000000e+01 7.137096152031961793e+00 6.714379895330199188e-01
7.038291983953722308e+01 9.800000000000000000e+01 7.143008057661863752e+00 6.735076852028151206e-01
4.453194988443940616e+01 9.800000000000000000e+01 7.069184587975239076e+00 6.482603123795971367e-01
2.049698658855828626e+01 9.800000000000000000e+01 5.982159804785533552e+00 5.390657508228323680e-01
3.877326330962055589e+00 9.800000000000000000e+01 2.317350179451453940e+00 3.713610827946425275e-01
2.066010176519896504e+02 9.400000000000000000e+01 8.330000000000000071e+00 0.000000000000000000e+00
1.709366580063212666e+02 9.400000000000000000e+01 7.852308061350666613e+00 4.479229319289650402e-01
1.414015693344453268e+02 9.400000000000000000e+01 7.494012037478952948e+00 5.725532497569295609e-01
1.162534007162133207e+02 9.400000000000000000e+01 7.241722585788574307e+00 6.408877070950566024e-01
9.182788897788913118e+01 9.400000000000000000e+01 7.131215443468976289e+00 6.728320318521465726e-01
6.590463716864367427e+01 9.400000000000000000e+01 7.139212375010150602e+00 6.732600201776196558e-01
4.017684031060882432e+01 9.400000000000000000e+01 7.027648299432843970e+00 6.435441569560189645e-01
1.602166369845818750e+01 9.400000000000000000e+01 5.701764579675886679e+00 5.172622963346129588e-01
2.180570929128918145e+00 9.400000000000000000e+01 1.823540225591485431e+00 3.754231288062562788e-01
