1.822787558529246894e+02 1.060000000000000000e+02 8.330000000000000071e+00 0.000000000000000000e+00
1.481523426579402667e+02 1.060000000000000000e+02 7.808135507032933020e+00 4.645450175533343828e-01
1.202391735874184064e+02 1.060000000000000000e+02 7.416288860224045543e+00 5.917287832428757000e-01
9.576132316442908632e+01 1.060000000000000000e+02 7.163878167443429312e+00 6.575948172212567888e-01
7.139619776588973821e+01 1.060000000000000000e+02 7.089408143328185474e+00 6.811182537477024068e-01
4.565182566878464598e+01 1.060000000000000000e+02 7.052096394919034950e+00 6.632041142024924785e-01
2.312740456480012696e+01 1.060000000000000000e+02 6.203793174114831110e+00 5.644777053562018976e-01
4.064820865819505080e+00 1.060000000000000000e+02 2.802182553720548697e+00 3.771343540066967592e-01
1.800872189061394693e+02 1.020000000000000000e+02 8.330000000000000071e+00 0.000000000000000000e+00
1.450523891735032578e+02 1.020000000000000000e+02 7.800946747678243476e+00 4.671279496308267665e-01
1.178795407199551306e+02 1.020000000000000000e+02 7.403587090185408393e+00 5.946760533868791221e-01
9.224997692472948074e+01 1.020000000000000000e+02 7.151903033741421112e+00 6.600540812618990172e-01
6.968308668952472829e+01 1.020000000000000000e+02 7.082503028306889270e+00 6.819403512381956300e-01
4.267090088767613310e+01 1.020000000000000000e+02 7.020441701289340308e+00 6.595543376259854762e-01
1.912258077992169802e+01 1.020000000000000000e+02 5.964551562047085476e+00 5.443838626321689800e-01
4.844920301920885741e+00 1.020000000000000000e+02 2.311315268323457683e+00 3.724380914938855702e-01
1.757481058936566569e+02 9.800000000000000000e+01 8.330000000000000071e+00 0.000000000000000000e+00
1.410880841782662571e+02 9.800000000000000000e+01 7.793499558748981038e+00 4.697689127017878330e-01
1.138297674076464432e+02 9.800000000000000000e+01 7.390407325262725813e+00 5.976793923692762522e-01
8.964779473066110427e+01 9.800000000000000000e+01 7.139683030074033709e+00 6.625249138054654097e-01
6.547590455099670237e+01 9.800000000000000000e+01 7.074929225050295756e+00 6.826092565037293891e-01
4.048665991866410252e+01 9.800000000000000000e+01 6.979399388459255782e+00 6.549266086416510868e-01
1.616980827432622903e+01 9.800000000000000000e+01 5.685727267761129688e+00 5.222934231616226386e-01
4.085769729353997626e+00 9.800000000000000000e+01 1.817919783358723951e+00 3.764064757730499200e-01
1.713878389391913117e+02 9.400000000000000000e+01 8.330000000000000071e+00 0.000000000000000000e+00
1.380485798028136344e+02 9.400000000000000000e+01 7.785778189832610607e+00 4.724701391337931544e-01
1.110721636790704281e+02 9.400000000000000000e+01 7.376716418084377835e+00 6.007401014086156676e-01
8.749817131983911622e+01 9.400000000000000000e+01 7.127198440015939163e+00 6.650034650417209203e-01
6.298235091324930579e+01 9.400000000000000000e+01 7.066413169102951919e+00 6.830904922780351995e-01
3.771318326237047813e+01 9.400000000000000000e+01 6.926504323576934574e+00 6.491062576948313234e-01
1.371213539065253961e+01 9.400000000000000000e+01 5.367025265225773722e+00 4.987533764781854062e-01
2.429460309645817606e+00 9.400000000000000000e+01 1.328188687270416501e+00 3.928738420232560924e-01
