4.085430994480412892e+01 1.060000000000000000e+02 8.330000000000000071e+00 0.000000000000000000e+00
2.149287500812221552e+01 1.060000000000000000e+02 6.442008863480731762e+00 6.927993003004156991e-01
8.450284406039493490e+00 1.060000000000000000e+02 4.361781610606001891e+00 8.893898917319706943e-01
8.081916499217445260e-01 1.060000000000000000e+02 8.330000000000000071e+00 8.660197846189225501e+00
3.745460125483697311e+01 1.020000000000000000e+02 8.330000000000000071e+00 0.000000000000000000e+00
1.901736224599658698e+01 1.020000000000000000e+02 6.352463659817128239e+00 7.155109491074037598e-01
6.768754996398023138e+00 1.020000000000000000e+02 4.352365397048702178e+00 9.981505601714563136e-01
3.436528465649303854e+01 9.800000000000000000e+01 8.330000000000000071e+00 0.000000000000000000e+00
1.629155447045414462e+01 9.800000000000000000e+01 6.275290522827924100e+00 7.455287067619549290e-01
4.773120283380691831e+00 9.800000000000000000e+01 4.530338689223353477e+00 1.185804738929507662e+00
3.093846666086400532e+01 9.400000000000000000e+01 8.330000000000000071e+00 0.000000000000000000e+00
1.369039090015633064e+01 9.400000000000000000e+01 6.222287413443956083e+00 7.864590666912119055e-01
3.018772793181637937e+00 9.400000000000000000e+01 5.160547995577028146e+00 1.570357476156904797e+00
