1.074692820651945908e+02 1.060000000000000000e+02 8.330000000000000071e+00 0.000000000000000000e+00
7.854654353189829408e+01 1.060000000000000000e+02 7.537571333197538692e+00 5.413879173477801343e-01
5.567239763473536840e+01 1.060000000000000000e+02 6.892319800514398409e+00 6.706947107665786056e-01
3.271147571522300268e+01 1.060000000000000000e+02 6.554804645616597369e+00 6.795703250011227992e-01
1.182675665340571669e+01 1.060000000000000000e+02 4.763553598911369313e+00 4.937456758225681752e-01
1.235618456884178373e+00 1.060000000000000000e+02 6.245926106948852530e-01 4.652261236727827654e-01
1.040238137865333385e+02 1.020000000000000000e+02 8.330000000000000071e+00 0.000000000000000000e+00
7.552429397820364443e+01 1.020000000000000000e+02 7.515581365858259311e+00 5.460196437453552765e-01
5.267466259065425760e+01 1.020000000000000000e+02 6.842332398402278137e+00 6.742756895413779539e-01
3.019849223312712994e+01 1.020000000000000000e+02 6.454242056349042578e+00 6.725962625881498624e-01
9.650596016216756112e+00 1.020000000000000000e+02 4.369546581627674620e+00 4.694277525685083274e-01
1.155681489471059642e+00 1.020000000000000000e+02 2.121539562508612531e-01 5.847900549808295878e-01
1.010434442495684095e+02 9.800000000000000000e+01 8.330000000000000071e+00 0.000000000000000000e+00
7.273438773133806023e+01 9.800000000000000000e+01 7.491887300589603171e+00 5.507872628857330977e-01
4.993237625524813694e+01 9.800000000000000000e+01 6.786912509885242528e+00 6.777078301554703144e-01
2.757711529754048030e+01 9.800000000000000000e+01 6.332855623326108407e+00 6.635582903552366130e-01
8.044428950356513397e+00 9.800000000000000000e+01 3.947068471594224803e+00 4.466968774609302861e-01
8.635474753134382286e-01 9.800000000000000000e+01 0.000000000000000000e+00 9.745580877510622297e-01
9.741485292328520984e+01 9.400000000000000000e+01 8.330000000000000071e+00 0.000000000000000000e+00
6.953111975182964954e+01 9.400000000000000000e+01 7.466279382819489996e+00 5.556949115223890345e-01
4.736661032378531644e+01 9.400000000000000000e+01 6.725254893130127698e+00 6.809520366406359715e-01
2.501267277297814218e+01 9.400000000000000000e+01 6.187100949844026587e+00 6.522190659732807205e-01
6.438026292099931602e+00 9.400000000000000000e+01 3.501405681058198827e+00 4.267006442220332985e-01
