2.073662147761928622e+02 1.060000000000000000e+02 8.330000000000000071e+00 0.000000000000000000e+00
1.714663142439545425e+02 1.060000000000000000e+02 7.855108840228614220e+00 4.468239138807301170e-01
1.428237984753321541e+02 1.060000000000000000e+02 7.498926349774819755e+00 5.712738314826003583e-01
1.170190454185039926e+02 1.060000000000000000e+02 7.246913215694545940e+00 6.397347346566708559e-01
9.245341207644938208e+01 1.060000000000000000e+02 7.134148746225441151e+00 6.721390522742659579e-01
6.766456567437444392e+01 1.060000000000000000e+02 7.141221206718030068e+00 6.734048953175709729e-01
4.223454479239357084e+01 1.060000000000000000e+02 7.049762128715312492e+00 6.460320316053992373e-01
1.822344023835362137e+01 1.060000000000000000e+02 5.846977519976057636e+00 5.283832594953812301e-01
3.044073339332686867e+00 1.060000000000000000e+02 2.070403049465602496e+00 3.721303752049396896e-01
2.040343130535726459e+02 1.020000000000000000e+02 8.330000000000000071e+00 0.000000000000000000e+00
1.684643968192522152e+02 1.020000000000000000e+02 7.849465102171782505e+00 4.490328458213031504e-01
1.399153910717013503e+02 1.020000000000000000e+02 7.489022424180258319e+00 5.738439891624109723e-01
1.141977643532111131e+02 1.020000000000000000e+02 7.236484761665082921e+00 6.420464354591310929e-01
8.952408994235388207e+01 1.020000000000000000e+02 7.128294614422677533e+00 6.735162131234152527e-01
6.480054229661232057e+01 1.020000000000000000e+02 7.136942358635301353e+00 6.730689176934561146e-01
3.925604538626072326e+01 1.020000000000000000e+02 7.002517390712232448e+00 6.407689865403264351e-01
1.591317297917567153e+01 1.020000000000000000e+02 5.546540896488703076e+00 5.057785014310248739e-01
2.229452028736551572e+00 1.020000000000000000e+02 1.577557611155394612e+00 3.817709594500673376e-01
2.007067328398708526e+02 9.800000000000000000e+01 8.330000000000000071e+00 0.000000000000000000e+00
1.650961073273557815e+02 9.800000000000000000e+01 7.843648418827708468e+00 4.512861154324500634e-01
1.368362502256177322e+02 9.800000000000000000e+01 7.478809356114811457e+00 5.764600716249718149e-01
1.113359400086065421e+02 9.800000000000000000e+01 7.225865987937551971e+00 6.443809561542700459e-01
8.669405742922693037e+01 9.800000000000000000e+01 7.122481366554077375e+00 6.748549772788557943e-01
6.188416351561846085e+01 9.800000000000000000e+01 7.131434059535881609e+00 6.725288033558042278e-01
3.639016110451368746e+01 9.800000000000000000e+01 6.941749369431270189e+00 6.342366080584218579e-01
1.383281520654895047e+01 9.800000000000000000e+01 5.206704433309254476e+00 4.820947542858062262e-01
1.747895010366862456e+00 9.800000000000000000e+01 1.092267952530006969e+00 4.070748178208740131e-01
1.973926924228138660e+02 9.400000000000000000e+01 8.330000000000000071e+00 0.000000000000000000e+00
1.620960493349586784e+02 9.400000000000000000e+01 7.837649960615238776e+00 4.535852766106701073e-01
1.338141283544168800e+02 9.400000000000000000e+01 7.468270460556631463e+00 5.791233788737555344e-01
1.083857250660591944e+02 9.400000000000000000e+01 7.215053595571570000e+00 6.467377896734951559e-01
8.372341016245799494e+01 9.400000000000000000e+01 7.116684867962510097e+00 6.761481343243012088e-01
5.884348938269208418e+01 9.400000000000000000e+01 7.124260605153572179e+00 6.717398136205988690e-01
3.366871937897965950e+01 9.400000000000000000e+01 6.864242499077366055e+00 6.261795197758553977e-01
1.152668025401889196e+01 9.400000000000000000e+01 4.829846882894799798e+00 4.581976252429135199e-01
1.227838820688189392e+00 9.400000000000000000e+01 6.267580817976099450e-01 4.607948358248905030e-01
