1.492849968725937515e+02 1.060000000000000000e+02 8.330000000000000071e+00 0.000000000000000000e+00
1.168837421279020532e+02 1.060000000000000000e+02 7.722381711153816219e+00 4.932783630419431131e-01
9.104624646647600628e+01 1.060000000000000000e+02 7.262801471066212322e+00 6.238540983210753010e-01
6.702108928801936827e+01 1.060000000000000000e+02 7.028546853355691404e+00 6.819291593054150891e-01
4.300694469925060304e+01 1.060000000000000000e+02 6.932519191151941484e+00 6.758512278704903453e-01
1.938217470604456949e+01 1.060000000000000000e+02 5.931650749067125084e+00 5.549295855035485392e-01
3.455967270221155019e+00 1.060000000000000000e+02 2.306738858350604104e+00 3.748837003385507849e-01
1.456106702542779487e+02 1.020000000000000000e+02 8.330000000000000071e+00 0.000000000000000000e+00
1.137421096036944590e+02 1.020000000000000000e+02 7.711686050660683023e+00 4.965565057821667572e-01
8.798429724433339061e+01 1.020000000000000000e+02 7.243204992021247790e+00 6.274014987488574224e-01
6.423224565861956137e+01 1.020000000000000000e+02 7.011702300826784473e+00 6.841170678251318193e-01
3.997311969173329516e+01 1.020000000000000000e+02 6.890050755844510100e+00 6.719892646099268063e-01
1.700374311027493235e+01 1.020000000000000000e+02 5.656379189553217834e+00 5.325244366002586105e-01
2.562187827790337380e+00 1.020000000000000000e+02 1.814298021155524632e+00 3.785324107461711662e-01
1.424836787836127598e+02 9.800000000000000000e+01 8.330000000000000071e+00 0.000000000000000000e+00
1.105059649759445506e+02 9.800000000000000000e+01 7.700483105185568888e+00 4.999205896539166694e-01
8.531364918791678065e+01 9.800000000000000000e+01 7.222519738062907813e+00 6.310078368819315164e-01
6.130136674423251719e+01 9.800000000000000000e+01 6.993620338367488642e+00 6.861725846796102868e-01
3.740592218478158770e+01 9.800000000000000000e+01 6.836331852422796729e+00 6.669020979222933798e-01
1.467041588509851380e+01 9.800000000000000000e+01 5.341458292150047527e+00 5.086120639718648695e-01
2.016190176217282914e+00 9.800000000000000000e+01 1.325422064489781837e+00 3.946944767530436993e-01
1.392224170797098282e+02 9.400000000000000000e+01 8.330000000000000071e+00 0.000000000000000000e+00
1.075097148843621540e+02 9.400000000000000000e+01 7.688730778981824443e+00 5.033741453861586557e-01
8.235060112842981539e+01 9.400000000000000000e+01 7.200624635490453507e+00 6.346704031728939155e-01
5.870587071645191912e+01 9.400000000000000000e+01 6.973968318684926615e+00 6.880532182857649337e-01
3.471252557212662992e+01 9.400000000000000000e+01 6.768547020515243595e+00 6.603443154304756701e-01
1.261799604074775516e+01 9.400000000000000000e+01 4.988239450568098476e+00 4.839571899611677108e-01
1.371964635766248053e+00 9.400000000000000000e+01 8.491161536063922544e-01 4.315232889727484977e-01
