2.490456920357655406e+02 1.060000000000000000e+02 8.330000000000000071e+00 0.000000000000000000e+00
2.108827852024378444e+02 1.060000000000000000e+02 7.913882692712831179e+00 4.224194660710674509e-01
1.806404748674313510e+02 1.060000000000000000e+02 7.601848348322743476e+00 5.425459871974656068e-01
1.536799862876728184e+02 1.060000000000000000e+02 7.362380342133187483e+00 6.128116181861028577e-01
1.282915489744000013e+02 1.060000000000000000e+02 7.212122101613045011e+00 6.533419323950320212e-01
1.032454758907039292e+02 1.060000000000000000e+02 7.168205533028475962e+00 6.690114468111411083e-01
7.786393649798419858e+01 1.060000000000000000e+02 7.192179216796637853e+00 6.657387848015158260e-01
5.234660414811720841e+01 1.060000000000000000e+02 7.172737546957549171e+00 6.502144181765799891e-01
2.684772158087292127e+01 1.060000000000000000e+02 6.606281098431516341e+00 5.882859869087417870e-01
7.259879861689713110e+00 1.060000000000000000e+02 3.769046052367983179e+00 4.023635056163094581e-01
1.442724206502689899e-01 1.060000000000000000e+02 8.330000000000000071e+00 0.000000000000000000e+00
2.456451962655505952e+02 1.020000000000000000e+02 8.330000000000000071e+00 0.000000000000000000e+00
2.077567460544143501e+02 1.020000000000000000e+02 7.909848908706228698e+00 4.241802510971219853e-01
1.776203657377061234e+02 1.020000000000000000e+02 7.594793358168743680e+00 5.446376717489656016e-01
1.508025157895636141e+02 1.020000000000000000e+02 7.354087730946226031e+00 6.148328118428179057e-01
1.254130433092527994e+02 1.020000000000000000e+02 7.205661715372571052e+00 6.548937110794540439e-01
1.002625256834514289e+02 1.020000000000000000e+02 7.165943206003190902e+00 6.696961793617236536e-01
7.499493207785927495e+01 1.020000000000000000e+02 7.191346773176341856e+00 6.654522788731483951e-01
4.955137499942271262e+01 1.020000000000000000e+02 7.153818971590923503e+00 6.478360127267260848e-01
2.454952149685359331e+01 1.020000000000000000e+02 6.437549979167529024e+00 5.733565139654305254e-01
5.930262964741360499e+00 1.020000000000000000e+02 3.299238991890829809e+00 3.864618674228088580e-01
2.424483817800237091e+02 9.800000000000000000e+01 8.330000000000000071e+00 0.000000000000000000e+00
2.045802595637815386e+02 9.800000000000000000e+01 7.905715339471285574e+00 4.259708824571263874e-01
1.746913489500893775e+02 9.800000000000000000e+01 7.587562892514730706e+00 5.467619536261328905e-01
1.478585129046091993e+02 9.800000000000000000e+01 7.345641452426988849e+00 6.168764678630864751e-01
1.226242891748835575e+02 9.800000000000000000e+01 7.199216706781549568e+00 6.564430112025221309e-01
9.758716977639821266e+01 9.800000000000000000e+01 7.163806708039722082e+00 6.703429491113934713e-01
7.213804999498984216e+01 9.800000000000000000e+01 7.190053869762823346e+00 6.650726159065857290e-01
4.674485357893124871e+01 9.800000000000000000e+01 7.128920744076491900e+00 6.448742280418401362e-01
2.197989144739550582e+01 9.800000000000000000e+01 6.234093760910155879e+00 5.560356899927055840e-01
4.509053132628618954e+00 9.800000000000000000e+01 2.815830658035076262e+00 3.754700906764810719e-01
2.392389018801700047e+02 9.400000000000000000e+01 8.330000000000000071e+00 0.000000000000000000e+00
2.012367636043929338e+02 9.400000000000000000e+01 7.901477931663503540e+00 4.277922523411073485e-01
1.716289129640308033e+02 9.400000000000000000e+01 7.580149708391746621e+00 5.489197051131344818e-01
1.449320542908420748e+02 9.400000000000000000e+01 7.337038377549589541e+00 6.189428114814824466e-01
1.195400054817710469e+02 9.400000000000000000e+01 7.192794003200297048e+00 6.579886083883604853e-01
9.464282238393879254e+01 9.400000000000000000e+01 7.161787110043984939e+00 6.709482645536586354e-01
6.922925239543414477e+01 9.400000000000000000e+01 7.188119924180424114e+00 6.645821603902815067e-01
4.349249296295433709e+01 9.400000000000000000e+01 7.096386600682253132e+00 6.411794911314587786e-01
1.937853952727841644e+01 9.400000000000000000e+01 5.992824595736774285e+00 5.364223877942640994e-01
3.421780181591825620e+00 9.400000000000000000e+01 2.324387064693253624e+00 3.709083615309670123e-01
