2.324312498854270359e+02 1.060000000000000000e+02 8.330000000000000071e+00 0.000000000000000000e+00
1.950771753133590778e+02 1.060000000000000000e+02 7.892674202633968683e+00 4.315309685960406205e-01
1.654855374909067223e+02 1.060000000000000000e+02 7.564744014619678936e+00 5.533392614585721514e-01
1.389135307657369083e+02 1.060000000000000000e+02 7.319349451071317958e+00 6.231443862010286328e-01
1.137346363928840560e+02 1.060000000000000000e+02 7.180044162459243928e+00 6.610630793057912236e-01
8.885834840068824292e+01 1.060000000000000000e+02 7.158035179455593422e+00 6.720176241934642247e-01
6.345115380717773235e+01 1.060000000000000000e+02 7.181325114066070547e+00 6.631716960416572659e-01
3.799709852406503785e+01 1.060000000000000000e+02 6.999769106579282862e+00 6.308350922798545701e-01
1.466710917963353999e+01 1.060000000000000000e+02 5.391007281599586420e+00 4.917901280222913285e-01
1.869302206206165495e+00 1.060000000000000000e+02 1.340044332963048479e+00 3.913800873355652854e-01
2.289985843997573056e+02 1.020000000000000000e+02 8.330000000000000071e+00 0.000000000000000000e+00
1.918404625445932368e+02 1.020000000000000000e+02 7.888098535559765700e+00 4.334502978300052156e-01
1.624139447963518137e+02 1.020000000000000000e+02 7.556734710389007681e+00 5.556029693664246150e-01
1.360687422145404923e+02 1.020000000000000000e+02 7.310257500299589317e+00 6.252799815448688570e-01
1.109650737905934506e+02 1.020000000000000000e+02 7.173731437356866358e+00 6.625887154880002461e-01
8.602453673368378873e+01 1.020000000000000000e+02 7.156252067621611701e+00 6.724712544348920851e-01
6.076789794717525695e+01 1.020000000000000000e+02 7.175771863521909211e+00 6.621850998214480200e-01
3.518518877591846916e+01 1.020000000000000000e+02 6.930212849315673829e+00 6.237285345552627813e-01
1.262348911546332708e+01 1.020000000000000000e+02 5.031706440908728872e+00 4.680789916516560623e-01
1.477475008742111795e+00 1.020000000000000000e+02 8.621844955481479111e-01 4.282265581212483796e-01
2.257958451265139388e+02 9.800000000000000000e+01 8.330000000000000071e+00 0.000000000000000000e+00
1.889464032687076553e+02 9.800000000000000000e+01 7.883400297465054329e+00 4.354043358455885193e-01
1.595126711343976922e+02 9.800000000000000000e+01 7.548509015151106283e+00 5.579039549287487798e-01
1.332479461011861304e+02 9.800000000000000000e+01 7.300996572803304829e+00 6.274389846645224145e-01
1.083338586559315218e+02 9.800000000000000000e+01 7.167469465024058906e+00 6.641041127186684268e-01
8.308496970074337185e+01 9.800000000000000000e+01 7.154479626718359242e+00 6.728621611052256757e-01
5.784519071383282807e+01 9.800000000000000000e+01 7.168149192772677480e+00 6.609504955002256654e-01
3.235438569282238319e+01 9.800000000000000000e+01 6.842038265249985152e+00 6.149862004227073520e-01
1.065013125170291275e+01 9.800000000000000000e+01 4.637185390531119999e+00 4.446402294639901220e-01
1.171365597797738634e+00 9.800000000000000000e+01 4.150955861645263534e-01 5.066407823696156276e-01
2.221316705217237200e+02 9.400000000000000000e+01 8.330000000000000071e+00 0.000000000000000000e+00
1.855519069000093850e+02 9.400000000000000000e+01 7.878574073179692938e+00 4.373941869276317673e-01
1.562252818298448460e+02 9.400000000000000000e+01 7.540057125898514734e+00 5.602432546941343849e-01
1.302788271910981450e+02 9.400000000000000000e+01 7.291563750318863057e+00 6.296215092752363018e-01
1.052922752296375393e+02 9.400000000000000000e+01 7.161264569600388263e+00 6.656070719878348640e-01
8.050041801391259355e+01 9.400000000000000000e+01 7.152661690931338967e+00 6.731820682428402147e-01
5.485064821986630079e+01 9.400000000000000000e+01 7.157812650431657708e+00 6.594066914289682391e-01
2.953955523272880512e+01 9.400000000000000000e+01 6.731360719520174563e+00 6.043387428442046350e-01
8.821874703042151822e+00 9.400000000000000000e+01 4.212018226767565210e+00 4.225433656765903989e-01
9.326908646568968786e-01 9.400000000000000000e+01 5.887554369193732234e-02 7.059233410518332974e-01
