1.323640182997032753e+02 1.060000000000000000e+02 8.330000000000000071e+00 0.000000000000000000e+00
1.014913712558056744e+02 1.060000000000000000e+02 7.663383178671046458e+00 5.105644539340936650e-01
7.651346011467546759e+01 1.060000000000000000e+02 7.152616305300560917e+00 6.421470903102568517e-01
5.309666164949020839e+01 1.060000000000000000e+02 6.928109416316167390e+00 6.910623612486084255e-01
2.938869753794226369e+01 1.060000000000000000e+02 6.577267920524409561e+00 6.417489546703462056e-01
8.779853591101442589e+00 1.060000000000000000e+02 4.180403806262963151e+00 4.363343876742891703e-01
1.026376255949152050e+00 1.060000000000000000e+02 5.197185393877259973e-02 7.135293937547642074e-01
1.290534418798520164e+02 1.020000000000000000e+02 8.330000000000000071e+00 0.000000000000000000e+00
9.845684079391527632e+01 1.020000000000000000e+02 7.649674781240600296e+00 5.143089014185145968e-01
7.364634343887576051e+01 1.020000000000000000e+02 7.126144486350845852e+00 6.459486152444253726e-01
5.042056094737158389e+01 1.020000000000000000e+02 6.900641308772585525e+00 6.920402902022171343e-01
2.659614689674376820e+01 1.020000000000000000e+02 6.446116053718919936e+00 6.291937209064858427e-01
7.137224777077649129e+00 1.020000000000000000e+02 3.735512431923367238e+00 4.155795614776054414e-01
-4.972523790597703150e-03 1.020000000000000000e+02 8.330000000000000071e+00 0.000000000000000000e+00
1.257727824309090892e+02 9.800000000000000000e+01 8.330000000000000071e+00 0.000000000000000000e+00
9.541175700641500157e+01 9.800000000000000000e+01 7.635188748380627111e+00 5.181581847943373953e-01
7.103429102182757049e+01 9.800000000000000000e+01 7.097735874119334376e+00 6.497804774645767889e-01
4.761676662343669619e+01 9.800000000000000000e+01 6.869013686510164973e+00 6.925358833663578517e-01
2.428022805190422417e+01 9.800000000000000000e+01 6.285928366606404971e+00 6.141974037396938924e-01
5.774345394559802003e+00 9.800000000000000000e+01 3.270807698036107602e+00 3.984315828773437040e-01
1.226086430483527181e+02 9.400000000000000000e+01 8.330000000000000071e+00 0.000000000000000000e+00
9.226773474844233647e+01 9.400000000000000000e+01 7.619847983833338390e+00 5.221163914557537256e-01
6.832104949377539072e+01 9.400000000000000000e+01 7.067123541188236047e+00 6.536306977626271664e-01
4.492773659793528651e+01 9.400000000000000000e+01 6.832097040499652607e+00 6.924224018899012290e-01
2.157055676675928169e+01 9.400000000000000000e+01 6.092923388373916005e+00 5.966812002273262916e-01
4.346969652892436642e+00 9.400000000000000000e+01 2.792026138082624787e+00 3.861711597283373765e-01
