9.914458795054598284e+01 1.060000000000000000e+02 8.330000000000000071e+00 0.000000000000000000e+00
7.109406268200767443e+01 1.060000000000000000e+02 7.479336792521724675e+00 5.532233203596735871e-01
4.868271729565940120e+01 1.060000000000000000e+02 6.756917354572835599e+00 6.793559079881120732e-01
2.618401840051059537e+01 1.060000000000000000e+02 6.263247269008943796e+00 6.581891107503553551e-01
7.197089947818447797e+00 1.060000000000000000e+02 3.726789420050876878e+00 4.362832706899992252e-01
-1.337041134927451358e-01 1.060000000000000000e+02 8.330000000000000071e+00 0.000000000000000000e+00
9.586896554160961159e+01 1.020000000000000000e+02 8.330000000000000071e+00 0.000000000000000000e+00
6.805866185982492311e+01 1.020000000000000000e+02 7.452684244113756407e+00 5.582025818947037310e-01
4.593265788001891536e+01 1.020000000000000000e+02 6.691810312398014382e+00 6.824913348604144669e-01
2.376541300480613828e+01 1.020000000000000000e+02 6.103981899117107091e+00 6.456288870091425602e-01
5.779897904105743223e+00 1.020000000000000000e+02 3.271617287575229849e+00 4.181019822794891372e-01
9.252377815627077950e+01 9.800000000000000000e+01 8.330000000000000071e+00 0.000000000000000000e+00
6.497901546318111343e+01 9.800000000000000000e+01 7.423747270275285359e+00 5.633284815028276604e-01
4.309966341525427680e+01 9.800000000000000000e+01 6.619090326621591025e+00 6.853811800400029242e-01
2.156920452637806562e+01 9.800000000000000000e+01 5.915198706038340859e+00 6.305455677124910396e-01
4.517912755770256084e+00 9.800000000000000000e+01 2.801601451925142428e+00 4.045143429486355857e-01
8.926635598262269866e+01 9.400000000000000000e+01 8.330000000000000071e+00 0.000000000000000000e+00
6.184879265537832538e+01 9.400000000000000000e+01 7.392237318780570554e+00 5.686061274714524494e-01
4.059279760749151933e+01 9.400000000000000000e+01 6.537746816937917593e+00 6.879940034589234754e-01
1.897612320366847882e+01 9.400000000000000000e+01 5.694018210443332784e+00 6.129413687917639741e-01
3.423135879691054928e+00 9.400000000000000000e+01 2.322208389529660799e+00 3.970255569060613388e-01
