1.740049478973930661e+02 1.060000000000000000e+02 8.330000000000000071e+00 0.000000000000000000e+00
1.402118659227174078e+02 1.060000000000000000e+02 7.789674184553018854e+00 4.711118491688662813e-01
1.130948069988911726e+02 1.060000000000000000e+02 7.383627977402032805e+00 5.992024968289422215e-01
8.827770673413129998e+01 1.060000000000000000e+02 7.133475283214596452e+00 6.637635040167796374e-01
6.405299475576076418e+01 1.060000000000000000e+02 7.070809144246322120e+00 6.828758022323603294e-01
3.906241871102355390e+01 1.060000000000000000e+02 6.954605883528911292e+00 6.521801393776255340e-01
1.589484096101832655e+01 1.060000000000000000e+02 5.531310990906645131e+00 5.106613689156523916e-01
2.198444638758286107e+00 1.060000000000000000e+02 1.572141544543313341e+00 3.827228439138775085e-01
1.709715226540715207e+02 1.020000000000000000e+02 8.330000000000000071e+00 0.000000000000000000e+00
1.370787658082216467e+02 1.020000000000000000e+02 7.781809383550459813e+00 4.738440791530045271e-01
1.099478853467284409e+02 1.020000000000000000e+02 7.369667907923974859e+00 6.022923569767493213e-01
8.546351447663251122e+01 1.020000000000000000e+02 7.120848955029439153e+00 6.662441464657818946e-01
6.120559660908062227e+01 1.020000000000000000e+02 7.061693698439130529e+00 6.832476523165762483e-01
3.632987300761780602e+01 1.020000000000000000e+02 6.894711826442748936e+00 6.456735537715299067e-01
1.366508653304470933e+01 1.020000000000000000e+02 5.193110201699776773e+00 4.866725192503123520e-01
1.690023144432464264e+00 1.020000000000000000e+02 1.087275447994046740e+00 4.080171091686327633e-01
1.672836505642572718e+02 9.800000000000000000e+01 8.330000000000000071e+00 0.000000000000000000e+00
1.338618546269908052e+02 9.800000000000000000e+01 7.773644071073559481e+00 4.766401323134277779e-01
1.071813997956515152e+02 9.800000000000000000e+01 7.355139681497892212e+00 6.054413895126149470e-01
8.269784566182622143e+01 9.800000000000000000e+01 7.107914955190562267e+00 6.687246359958631814e-01
5.834997560733480526e+01 9.800000000000000000e+01 7.051059434427985551e+00 6.833632419720165885e-01
3.351661451022470573e+01 9.800000000000000000e+01 6.818372072021783303e+00 6.375996353603751166e-01
1.158870669121350971e+01 9.800000000000000000e+01 4.817881924540857064e+00 4.624601588416897280e-01
1.384753740891074836e+00 9.800000000000000000e+01 6.222762408780465604e-01 4.618792867047125661e-01
1.640888484375238079e+02 9.400000000000000000e+01 8.330000000000000071e+00 0.000000000000000000e+00
1.309124549151640906e+02 9.400000000000000000e+01 7.765158627560821536e+00 4.795025302615674168e-01
1.043299851851483737e+02 9.400000000000000000e+01 7.339999472925059720e+00 6.086506419055545125e-01
7.979414103897686061e+01 9.400000000000000000e+01 7.094631911725107543e+00 6.711978782602412430e-01
5.556253382936044716e+01 9.400000000000000000e+01 7.038375267021289794e+00 6.831622558376277965e-01
3.072643728682249531e+01 9.400000000000000000e+01 6.721945057993691464e+00 6.276888685356448727e-01
9.462348117024191652e+00 9.400000000000000000e+01 4.409521380907349908e+00 4.390443517700714504e-01
1.009988499363060122e+00 9.400000000000000000e+01 2.086299375199836825e-01 5.837627546579251536e-01
