9.075170281897646873e+01 1.060000000000000000e+02 8.330000000000000071e+00 0.000000000000000000e+00
6.369694294302554738e+01 1.060000000000000000e+02 7.408333331925063270e+00 5.659479792243136131e-01
4.196942258052389718e+01 1.060000000000000000e+02 6.579561858986940237e+00 6.867237566334351007e-01
2.024034917311390558e+01 1.060000000000000000e+02 5.808809211628070734e+00 6.220523806353494001e-01
4.043925348352281901e+00 1.060000000000000000e+02 2.562739228444018469e+00 3.998963817200217874e-01
8.765079695804126914e+01 1.020000000000000000e+02 8.330000000000000071e+00 0.000000000000000000e+00
6.070903528958083939e+01 1.020000000000000000e+02 7.375417545586068435e+00 5.713037539611363069e-01
3.920691096528329211e+01 1.020000000000000000e+02 6.493512019888646236e+00 6.891901659098702559e-01
1.801655787957320953e+01 1.020000000000000000e+02 5.570599878429633556e+00 6.032388015132953418e-01
2.988484861138380744e+00 1.020000000000000000e+02 2.080693657998651691e+00 3.961869161449194099e-01
8.419621718171472935e+01 9.800000000000000000e+01 8.330000000000000071e+00 0.000000000000000000e+00
5.765045129064985474e+01 9.800000000000000000e+01 7.339428420501866057e+00 5.768214240334819110e-01
3.674054061819219186e+01 9.800000000000000000e+01 6.397250914273946876e+00 6.913608862339629679e-01
1.573746296975021508e+01 9.800000000000000000e+01 5.297347252215137026e+00 5.822236000346781015e-01
2.096694856179146527e+00 9.800000000000000000e+01 1.597655662735314674e+00 4.022126386186566371e-01
8.078631142288115541e+01 9.400000000000000000e+01 8.330000000000000071e+00 0.000000000000000000e+00
5.485436425759810675e+01 9.400000000000000000e+01 7.299986666352391573e+00 5.825108996613347356e-01
3.394565887319035369e+01 9.400000000000000000e+01 6.289742560503366775e+00 6.932585731294433895e-01
1.353560909345786811e+01 9.400000000000000000e+01 4.988809753958598492e+00 5.594551876780285982e-01
1.528722214838065030e+00 9.400000000000000000e+01 1.120650638605881655e+00 4.230211104838480507e-01
