1.405734987374467551e+02 1.060000000000000000e+02 8.330000000000000071e+00 0.000000000000000000e+00
1.092864841494972410e+02 1.060000000000000000e+02 7.694678437235386248e+00 5.016359575943513116e-01
8.379923110149121612e+01 1.060000000000000000e+02 7.211731728061034019e+00 6.328323047718571459e-01
6.013673214471523210e+01 1.060000000000000000e+02 6.984014918304504604e+00 6.871378189555769067e-01
3.601604072633205078e+01 1.060000000000000000e+02 6.804391865920855764e+00 6.638233193601624782e-01
1.374301849325704161e+01 1.060000000000000000e+02 5.169483621703883536e+00 4.963218604354364683e-01
1.586526463621342309e+00 1.060000000000000000e+02 1.084906749528425030e+00 4.096922233927344781e-01
1.374942015057808078e+02 1.020000000000000000e+02 8.330000000000000071e+00 0.000000000000000000e+00
1.062175018848071346e+02 1.020000000000000000e+02 7.682634062251039175e+00 5.051356151472207179e-01
8.092334447717439616e+01 1.020000000000000000e+02 7.189180161864003438e+00 6.365216036785159570e-01
5.712483606536910941e+01 1.020000000000000000e+02 6.963423529851615612e+00 6.889117373553367285e-01
3.343018296809005818e+01 1.020000000000000000e+02 6.728373449451679811e+00 6.564312580633658856e-01
1.146958940183770892e+01 1.020000000000000000e+02 4.798156378584541137e+00 4.716418481352787628e-01
1.191424417370322786e+00 1.020000000000000000e+02 6.206658658011341423e-01 4.632807624626286702e-01
1.339823248417124262e+02 9.800000000000000000e+01 8.330000000000000071e+00 0.000000000000000000e+00
1.028971591889359303e+02 9.800000000000000000e+01 7.669967308880655033e+00 5.087302882095061651e-01
7.809449062349082737e+01 9.800000000000000000e+01 7.165198294646994981e+00 6.402607262919214337e-01
5.447287135441762018e+01 9.800000000000000000e+01 6.940572120138256196e+00 6.904256458884093783e-01
3.069902594157169418e+01 9.800000000000000000e+01 6.633216472419815268e+00 6.471666919778366056e-01
9.567337845060722046e+00 9.800000000000000000e+01 4.393618713792108998e+00 4.476910780657010203e-01
1.147376180853181715e+00 9.800000000000000000e+01 2.077755011575432853e-01 5.849116781752051741e-01
1.307441472916608234e+02 9.400000000000000000e+01 8.330000000000000071e+00 0.000000000000000000e+00
9.988750206220630901e+01 9.400000000000000000e+01 7.656621740441972079e+00 5.124238256892253984e-01
7.522451436003476033e+01 9.400000000000000000e+01 7.139607439345556195e+00 6.440434183845982208e-01
5.161375498726148692e+01 9.400000000000000000e+01 6.914834264018407062e+00 6.916046499626360422e-01
2.796330583138172088e+01 9.400000000000000000e+01 6.515070903589182727e+00 6.357667356999633368e-01
7.928246447102496930e+00 9.400000000000000000e+01 3.960796986333961378e+00 4.255816224827465577e-01
8.562751805805346450e-01 9.400000000000000000e+01 0.000000000000000000e+00 9.836421113395430460e-01
