2.240037961495162051e+02 1.060000000000000000e+02 8.330000000000000071e+00 0.000000000000000000e+00
1.872907168364812662e+02 1.060000000000000000e+02 7.881003535047971909e+00 4.363947138246751511e-01
1.579836741211788080e+02 1.060000000000000000e+02 7.544311982388175686e+00 5.590687493749099124e-01
1.316784255066811227e+02 1.060000000000000000e+02 7.296301828506091880e+00 6.285273010881406996e-01
1.066375880619023064e+02 1.060000000000000000e+02 7.164359519820010291e+00 6.648572961896777045e-01
8.184858792092120439e+01 1.060000000000000000e+02 7.153580548761951263e+00 6.730315749733882802e-01
5.640813364458876578e+01 1.060000000000000000e+02 7.163366953974747098e+00 6.602216698220061408e-01
3.129664690695529927e+01 1.060000000000000000e+02 6.789768449057994815e+00 6.099169204495414887e-01
9.828683484598883524e+00 1.060000000000000000e+02 4.428105934083165884e+00 4.333541019829868501e-01
9.935732931881515739e-01 1.060000000000000000e+02 2.173352444903556280e-01 5.798905873263443533e-01
2.206946178894505408e+02 1.020000000000000000e+02 8.330000000000000071e+00 0.000000000000000000e+00
1.839401751809004395e+02 1.020000000000000000e+02 7.876111181464970912e+00 4.384029009821041045e-01
1.550286962505795714e+02 1.020000000000000000e+02 7.535743117415855785e+00 5.614276059980504163e-01
1.286620422659596841e+02 1.020000000000000000e+02 7.286781982660503587e+00 6.307216173793565028e-01
1.039513713533245465e+02 1.020000000000000000e+02 7.158185250672841171e+00 6.663531154502957410e-01
7.875549247664852714e+01 1.020000000000000000e+02 7.151712992002188685e+00 6.733123082391615499e-01
5.349978453742321705e+01 1.020000000000000000e+02 7.151377425347194006e+00 6.584953135260631640e-01
2.820022423927317945e+01 1.020000000000000000e+02 6.666286934787779117e+00 5.982219919335465264e-01
8.065560741042622439e+00 1.020000000000000000e+02 3.989627868600404526e+00 4.123516503455978421e-01
1.079002161058028708e+00 1.020000000000000000e+02 0.000000000000000000e+00 9.677447688148271832e-01
2.173614675658410249e+02 9.800000000000000000e+01 8.330000000000000071e+00 0.000000000000000000e+00
1.810307943074691650e+02 9.800000000000000000e+01 7.871082070547584131e+00 4.404486517603811713e-01
1.517541139365745835e+02 9.800000000000000000e+01 7.526932105239128923e+00 5.638263982739079028e-01
1.260062610359620408e+02 9.800000000000000000e+01 7.277085973316094858e+00 6.329395510636068867e-01
1.010629426057685976e+02 9.800000000000000000e+01 7.152075572342257104e+00 6.678325857471105742e-01
7.627498081736681002e+01 9.800000000000000000e+01 7.149677903027367165e+00 6.735059254250226335e-01
5.058600097022932829e+01 9.800000000000000000e+01 7.135357636842162954e+00 6.563359632712116865e-01
2.568109535202633609e+01 9.800000000000000000e+01 6.514025811205074845e+00 5.842753822103506911e-01
6.549574581351198077e+00 9.800000000000000000e+01 3.528857878959924310e+00 3.944117423681294810e-01
2.140900732258970152e+02 9.400000000000000000e+01 8.330000000000000071e+00 0.000000000000000000e+00
1.778343259211703469e+02 9.400000000000000000e+01 7.865909879842238439e+00 4.425332001004258498e-01
1.488257674310445964e+02 9.400000000000000000e+01 7.517867384333951186e+00 5.662662523035364437e-01
1.229667545902144781e+02 9.400000000000000000e+01 7.267211016300227477e+00 6.351811032388217093e-01
9.817851787284790532e+01 9.400000000000000000e+01 7.146033357074907499e+00 6.692925900978320408e-01
7.325486391068160685e+01 9.400000000000000000e+01 7.147359951451808691e+00 6.735983751337812908e-01
4.785095745242588094e+01 9.400000000000000000e+01 7.114129563032074444e+00 6.536342518379522071e-01
2.326321749798798777e+01 9.400000000000000000e+01 6.328907513949929786e+00 5.679471888514836531e-01
5.091109108646316272e+00 9.400000000000000000e+01 3.051642227418422948e+00 3.807485780846823764e-01
