6.585577138590601010e+01 1.060000000000000000e+02 8.330000000000000071e+00 0.000000000000000000e+00
4.187226460218648327e+01 1.060000000000000000e+02 7.068206956308978661e+00 6.108394139169317505e-01
2.325481956291777053e+01 1.060000000000000000e+02 5.647962635968619693e+00 7.021671677049183824e-01
5.974658067241461090e+00 1.060000000000000000e+02 3.221820756406235997e+00 4.550045114502304644e-01
6.230136190517074368e+01 1.020000000000000000e+02 8.330000000000000071e+00 0.000000000000000000e+00
3.902256067839720544e+01 1.020000000000000000e+02 7.002032982553684448e+00 6.180308074254877715e-01
2.119073928417650166e+01 1.020000000000000000e+02 5.470510236057589459e+00 7.063036993609355108e-01
4.673838548933166415e+00 1.020000000000000000e+02 2.768100793042120422e+00 4.368659165248834908e-01
5.925254692883725482e+01 9.800000000000000000e+01 8.330000000000000071e+00 0.000000000000000000e+00
3.626002332993046195e+01 9.800000000000000000e+01 6.929777607537550566e+00 6.257647165815478640e-01
1.886925951697149628e+01 9.800000000000000000e+01 5.283324670785289001e+00 7.127322299680780571e-01
3.625341511672257155e+00 9.800000000000000000e+01 2.302141455697355177e+00 4.231245241919275868e-01
5.602742028012550435e+01 9.400000000000000000e+01 8.330000000000000071e+00 0.000000000000000000e+00
3.342753166738337711e+01 9.400000000000000000e+01 6.851364583376230222e+00 6.342352955684210647e-01
1.687183137647363296e+01 9.400000000000000000e+01 5.089844570969071391e+00 7.227282932008747274e-01
2.767962914972082800e+00 9.400000000000000000e+01 1.828741987512930933e+00 4.157871707519558147e-01
