4.909570616330369575e+01 1.060000000000000000e+02 8.330000000000000071e+00 0.000000000000000000e+00
2.789569762841427547e+01 1.060000000000000000e+02 6.677435917555838429e+00 6.546466188744157755e-01
1.287317769817318336e+01 1.060000000000000000e+02 4.707379676378699251e+00 7.615601365982146431e-01
1.627067246604783746e+00 1.060000000000000000e+02 8.836491549983175320e-01 4.387409826715984451e-01
4.585800744428177467e+01 1.020000000000000000e+02 8.330000000000000071e+00 0.000000000000000000e+00
2.543734454226214226e+01 1.020000000000000000e+02 6.583969648742748149e+00 6.675925563838497334e-01
1.111179377780924504e+01 1.020000000000000000e+02 4.537837609620648749e+00 7.971680605638967743e-01
1.277568062160874707e+00 1.020000000000000000e+02 4.354705669045205174e-01 4.969652906477268761e-01
4.255902743990736781e+01 9.800000000000000000e+01 8.330000000000000071e+00 0.000000000000000000e+00
2.274680409463107011e+01 9.800000000000000000e+01 6.488970970040946362e+00 6.834260208323759134e-01
9.359338716933295999e+00 9.800000000000000000e+01 4.405177121740417867e+00 8.516524840955552733e-01
1.184592172971673074e+00 9.800000000000000000e+01 6.062877113765116621e-02 6.683509756741986552e-01
3.890807979090983082e+01 9.400000000000000000e+01 8.330000000000000071e+00 0.000000000000000000e+00
2.013916114135616198e+01 9.400000000000000000e+01 6.396233739298731180e+00 7.034091370847925795e-01
7.396198373604460308e+00 9.400000000000000000e+01 4.341257152334449643e+00 9.370593856554045864e-01
