3.237537457732656065e+01 1.060000000000000000e+02 8.330000000000000071e+00 0.000000000000000000e+00
1.505504099895000181e+01 1.060000000000000000e+02 6.244790903825785833e+00 7.643314796312371540e-01
3.980988400510523828e+00 1.060000000000000000e+02 4.755834875119085758e+00 1.337932713820369823e+00
2.929281651589535684e+01 1.020000000000000000e+02 8.330000000000000071e+00 0.000000000000000000e+00
1.279393677321120393e+01 1.020000000000000000e+02 6.210445423544336485e+00 8.127297339404286891e-01
2.051433281713451073e+00 1.020000000000000000e+02 5.943019099787643533e+00 1.987591630228146222e+00
2.582317315827131665e+01 9.800000000000000000e+01 8.330000000000000071e+00 0.000000000000000000e+00
1.010697421843292609e+01 9.800000000000000000e+01 6.233933729607355367e+00 8.824171596457670574e-01
2.246672124700560502e+01 9.400000000000000000e+01 8.330000000000000071e+00 0.000000000000000000e+00
7.786232869494963182e+00 9.400000000000000000e+01 6.361438887798832376e+00 9.880252677255761951e-01
