1.656395468979989118e+02 1.060000000000000000e+02 8.330000000000000071e+00 0.000000000000000000e+00
1.322050083998053935e+02 1.060000000000000000e+02 7.769442663325436094e+00 4.780628757797328876e-01
1.057487009520798011e+02 1.060000000000000000e+02 7.347649021685647597e+00 6.070384291218133832e-01
8.139168420134893722e+01 1.060000000000000000e+02 7.101320150904220085e+00 6.699626769296901374e-01
5.678614358904165016e+01 1.060000000000000000e+02 7.045012365624861772e+00 6.833066374498850681e-01
3.228695374457896605e+01 1.060000000000000000e+02 6.772913004831190520e+00 6.328906958339224342e-01
1.054412693144728586e+01 1.060000000000000000e+02 4.617549209503960306e+00 4.505846717900284237e-01
1.121060469659649339e+00 1.060000000000000000e+02 4.052479007847450965e-01 5.093255078980387651e-01
1.623678586619623161e+02 1.020000000000000000e+02 8.330000000000000071e+00 0.000000000000000000e+00
1.290989140059679130e+02 1.020000000000000000e+02 7.760789213140091292e+00 4.809594304584596247e-01
1.029016496668054401e+02 1.020000000000000000e+02 7.332184677567870068e+00 6.102781303092044141e-01
7.870685264163196848e+01 1.020000000000000000e+02 7.087842847563469384e+00 6.724290459056579961e-01
5.405358360540872553e+01 1.020000000000000000e+02 7.031057503277437171e+00 6.829202009876023105e-01
2.944027254387806991e+01 1.020000000000000000e+02 6.664956741182670896e+00 6.219620244345369642e-01
9.021357835910826850e+00 1.020000000000000000e+02 4.194460390707431152e+00 4.279805646602714009e-01
8.746265601807095003e-01 1.020000000000000000e+02 5.241829643549979212e-02 7.125146239848666463e-01
1.592587023550002812e+02 9.800000000000000000e+01 8.330000000000000071e+00 0.000000000000000000e+00
1.261415822135556795e+02 9.800000000000000000e+01 7.751782568091579506e+00 4.839263473077983213e-01
9.978957612142428957e+01 9.800000000000000000e+01 7.316031834566828707e+00 6.135792662920838136e-01
7.545222818346326221e+01 9.800000000000000000e+01 7.073926784722217143e+00 6.748737179326581570e-01
5.149662767290307386e+01 9.800000000000000000e+01 7.013956350400011530e+00 6.820976857805152171e-01
2.665815688312757459e+01 9.800000000000000000e+01 6.530821975623714692e+00 6.088190967809669063e-01
7.143783196182925899e+00 9.800000000000000000e+01 3.746066060964917011e+00 4.078613209317470956e-01
-1.605063343341559534e-01 9.800000000000000000e+01 8.330000000000000071e+00 0.000000000000000000e+00
1.558478513017956288e+02 9.400000000000000000e+01 8.330000000000000071e+00 0.000000000000000000e+00
1.229716379209348531e+02 9.400000000000000000e+01 7.742397886665188800e+00 4.869664677666839525e-01
9.683151062837367817e+01 9.400000000000000000e+01 7.299130786551761396e+00 6.169423127177646737e-01
7.281058504405218912e+01 9.400000000000000000e+01 7.059486740782427106e+00 6.772837089933015919e-01
4.837294574983475570e+01 9.400000000000000000e+01 6.992719697082503849e+00 6.807351070825057304e-01
2.434441723346165531e+01 9.400000000000000000e+01 6.366342505348660197e+00 5.932821995894913547e-01
5.628278411308181184e+00 9.400000000000000000e+01 3.278165755498240852e+00 3.914121887235552655e-01
