2.405535462790173824e+02 1.060000000000000000e+02 8.330000000000000071e+00 0.000000000000000000e+00
2.031283823259788335e+02 1.060000000000000000e+02 7.903609877637397751e+00 4.268776678602633767e-01
1.729582271264721669e+02 1.060000000000000000e+02 7.583879609446048775e+00 5.478365899569120900e-01
1.463622579132455996e+02 1.060000000000000000e+02 7.341359709297163860e+00 6.179067901830628262e-01
1.210337322939806199e+02 1.060000000000000000e+02 7.196002124531135635e+00 6.572163543769199423e-01
9.608696709977729711e+01 1.060000000000000000e+02 7.162783042227723662e+00 6.706510271195026407e-01
7.067500388604059935e+01 1.060000000000000000e+02 7.189180233156442057e+00 6.648425210405786157e-01
4.514226684328476580e+01 1.060000000000000000e+02 7.113726328511345010e+00 6.431290226813685118e-01
2.059249716284092102e+01 1.060000000000000000e+02 6.118335795084510309e+00 5.465015745258491320e-01
3.982521267276169397e+00 1.060000000000000000e+02 2.570772893866898112e+00 3.722722207717157339e-01
2.373533591774700540e+02 1.020000000000000000e+02 8.330000000000000071e+00 0.000000000000000000e+00
1.997421354728422500e+02 1.020000000000000000e+02 7.899318958299194726e+00 4.287147533788549514e-01
1.699596105013561669e+02 1.020000000000000000e+02 7.576372216145554006e+00 5.500114129626091364e-01
1.432511820030663046e+02 1.020000000000000000e+02 7.332677069829252048e+00 6.199845576071235653e-01
1.182721662233069821e+02 1.020000000000000000e+02 7.189593241092781639e+00 6.587595983334728622e-01
9.327841167794009891e+01 1.020000000000000000e+02 7.160816969256868170e+00 6.712341367926574209e-01
6.777278561509599797e+01 1.020000000000000000e+02 7.186841958979439227e+00 6.642885334821005960e-01
4.228863507338005689e+01 1.020000000000000000e+02 7.076632709501610385e+00 6.390020157295203118e-01
1.817685331894209710e+01 1.020000000000000000e+02 5.857370054255616409e+00 5.258438249621844029e-01
3.034260223373567378e+00 1.020000000000000000e+02 2.077358621303020403e+00 3.716723416615143605e-01
2.341371063662354572e+02 9.800000000000000000e+01 8.330000000000000071e+00 0.000000000000000000e+00
1.965629146367175224e+02 9.800000000000000000e+01 7.894917677423806346e+00 4.305839876304468072e-01
1.668928138953347684e+02 9.800000000000000000e+01 7.568670417946894879e+00 5.522210722176721376e-01
1.403468929573310220e+02 9.800000000000000000e+01 7.323832988003829314e+00 6.220853221052627946e-01
1.155254901452063052e+02 9.800000000000000000e+01 7.183217415634087111e+00 6.602970354326116453e-01
9.030673061828306913e+01 9.800000000000000000e+01 7.158944123664815251e+00 6.717694623837855428e-01
6.509915782430709896e+01 9.800000000000000000e+01 7.183487321594695274e+00 6.635874159693707641e-01
3.942080548747718893e+01 9.800000000000000000e+01 7.028665486697915021e+00 6.338584879902058322e-01
1.596590107757269372e+01 9.800000000000000000e+01 5.556384749254926092e+00 5.034453296971550529e-01
2.271334084300550504e+00 9.800000000000000000e+01 1.584321729654351696e+00 3.812654288619886644e-01
2.306171167642164050e+02 9.400000000000000000e+01 8.330000000000000071e+00 0.000000000000000000e+00
1.934777560810838111e+02 9.400000000000000000e+01 7.890401364626366210e+00 4.324863617635181234e-01
1.639320799829733062e+02 9.400000000000000000e+01 7.560765822755444177e+00 5.544665191245699010e-01
1.376817562569124220e+02 9.400000000000000000e+01 7.314824413088532040e+00 6.242092663137805975e-01
1.125283178521583665e+02 9.400000000000000000e+01 7.176881877341723559e+00 6.618270506711273482e-01
8.735140345061594758e+01 9.400000000000000000e+01 7.157139404221794621e+00 6.722518241580319742e-01
6.224017313118550732e+01 9.400000000000000000e+01 7.178772831528631215e+00 6.627061259075719413e-01
3.666317200576047242e+01 9.400000000000000000e+01 6.967090990854358346e+00 6.274693675723130859e-01
1.375784050819937754e+01 9.400000000000000000e+01 5.215996644536150306e+00 4.799633242873356798e-01
1.441388277193377920e+00 9.400000000000000000e+01 1.098773658702911771e+00 4.064325716892560614e-01
