1.990170669753074719e+02 1.060000000000000000e+02 8.330000000000000071e+00 0.000000000000000000e+00
1.637009012824535148e+02 1.060000000000000000e+02 7.840672488167929721e+00 4.524298595617121110e-01
1.353706051697472503e+02 1.060000000000000000e+02 7.473581732430723434e+00 5.777857397323264976e-01
1.099249213760312216e+02 1.060000000000000000e+02 7.220484216514504006e+00 6.455566222960228417e-01
8.532086854614789218e+01 1.060000000000000000e+02 7.119582959733229188e+00 6.755077622983671759e-01
6.067300657884275239e+01 1.060000000000000000e+02 7.128087268661234432e+00 6.721686449756330006e-01
3.505062402077600581e+01 1.060000000000000000e+02 6.905308015213174500e+00 6.304153648770063345e-01
1.261216467535059138e+01 1.060000000000000000e+02 5.022689682689004620e+00 4.701120659061527873e-01
1.411476804246328154e+00 1.060000000000000000e+02 8.558578133202009441e-01 4.290042067963906192e-01
1.957127224174743105e+02 1.020000000000000000e+02 8.330000000000000071e+00 0.000000000000000000e+00
1.605582230904752237e+02 1.020000000000000000e+02 7.834579630172048503e+00 4.547525726267868662e-01
1.323378110216502250e+02 1.020000000000000000e+02 7.462873234656454358e+00 5.804731560164314574e-01
1.071277935918169106e+02 1.020000000000000000e+02 7.209573635649006995e+00 6.479243654494072358e-01
8.248480940415444707e+01 1.020000000000000000e+02 7.113782181681504113e+00 6.767749534814916368e-01
5.739890630996855947e+01 1.020000000000000000e+02 7.119879735282443889e+00 6.712348464329578324e-01
3.249592791911518219e+01 1.020000000000000000e+02 6.818078900926352048e+00 6.214950762717814658e-01
1.074995000610462093e+01 1.020000000000000000e+02 4.628714865524259814e+00 4.464830126464252591e-01
1.251217169780732164e+00 1.020000000000000000e+02 4.093774534248352803e-01 5.080308015685446321e-01
1.924163636367104857e+02 9.800000000000000000e+01 8.330000000000000071e+00 0.000000000000000000e+00
1.572918708366354963e+02 9.800000000000000000e+01 7.828290510717753392e+00 4.571236507779122271e-01
1.291512814514328227e+02 9.800000000000000000e+01 7.451811199725114854e+00 5.832097996248548633e-01
1.040817059077003819e+02 9.800000000000000000e+01 7.198463500763375045e+00 6.503132964753751688e-01
7.960563732989891150e+01 9.800000000000000000e+01 7.107938358309893623e+00 6.779827691803080869e-01
5.449361308030821505e+01 9.800000000000000000e+01 7.109107446460916968e+00 6.699619478925856741e-01
2.954019420992584344e+01 9.800000000000000000e+01 6.708449418980285905e+00 6.106476489156854592e-01
8.773421619155223894e+00 9.800000000000000000e+01 4.204081745323133390e+00 4.242059259373978652e-01
8.061134356531889367e-01 9.800000000000000000e+01 5.506341272478615378e-02 7.097300234170056399e-01
1.889994971573186433e+02 9.400000000000000000e+01 8.330000000000000071e+00 0.000000000000000000e+00
1.542043866025464638e+02 9.400000000000000000e+01 7.821794546175723006e+00 4.595448444722476378e-01
1.265551904847005460e+02 9.400000000000000000e+01 7.440375100887864690e+00 5.859970333858092184e-01
1.014183966918809006e+02 9.400000000000000000e+01 7.187148777920644882e+00 6.527223490546889551e-01
7.679889025760311938e+01 9.400000000000000000e+01 7.101989967483596011e+00 6.791194566401025368e-01
5.168480993330165774e+01 9.400000000000000000e+01 7.094955827138941906e+00 6.682699246950476457e-01
2.706635649791781262e+01 9.400000000000000000e+01 6.572262914117705357e+00 5.976291610038366731e-01
7.347420969089244913e+00 9.400000000000000000e+01 3.754240971192252196e+00 4.044187856735718678e-01
-1.724546646196012042e-02 9.400000000000000000e+01 8.330000000000000071e+00 0.000000000000000000e+00
