7.416971457438077664e+01 1.060000000000000000e+02 8.330000000000000071e+00 0.000000000000000000e+00
4.911806656984285979e+01 1.060000000000000000e+02 7.209064274956197060e+00 5.944697055500435257e-01
2.934842966804713527e+01 1.060000000000000000e+02 6.037447564271515077e+00 6.965768633250645214e-01
9.705616397544957863e+00 1.060000000000000000e+02 4.271723254102888667e+00 5.113072803541904854e-01
1.247245844174230678e+00 1.060000000000000000e+02 2.475524061119364350e-01 5.772314226243683288e-01
7.088253204259966367e+01 1.020000000000000000e+02 8.330000000000000071e+00 0.000000000000000000e+00
4.632868386774062230e+01 1.020000000000000000e+02 7.156686061004231547e+00 6.007926546499793297e-01
2.687362113902749883e+01 1.020000000000000000e+02 5.891518263214776674e+00 6.983623998266763611e-01
8.256152173233799019e+00 1.020000000000000000e+02 3.869138233263710536e+00 4.875689325894461690e-01
8.610332060292118506e-01 1.020000000000000000e+02 0.000000000000000000e+00 9.046000442742668790e-01
6.731771178290715341e+01 9.800000000000000000e+01 8.330000000000000071e+00 0.000000000000000000e+00
4.312432772253462332e+01 9.800000000000000000e+01 7.099092279053087928e+00 6.074040097196035104e-01
2.438993916547715912e+01 9.800000000000000000e+01 5.732332152588029750e+00 7.006651463289270687e-01
6.693939053065579792e+00 9.800000000000000000e+01 3.442617916261821787e+00 4.652859247754142502e-01
6.403252957931117351e+01 9.400000000000000000e+01 8.330000000000000071e+00 0.000000000000000000e+00
4.044144589670540313e+01 9.400000000000000000e+01 7.035866787694928348e+00 6.143767530765674723e-01
2.231489725840710747e+01 9.400000000000000000e+01 5.560612604365060108e+00 7.040125948763570340e-01
5.317173208358587644e+00 9.400000000000000000e+01 2.996785033123166020e+00 4.454795543812661296e-01
