8.245767733799344512e+01 1.060000000000000000e+02 8.330000000000000071e+00 0.000000000000000000e+00
5.638911742854073594e+01 1.060000000000000000e+02 7.320164209545973577e+00 5.796439186736170868e-01
3.557696383662726447e+01 1.060000000000000000e+02 6.344964451581612153e+00 6.923408598357727595e-01
1.461491356885908210e+01 1.060000000000000000e+02 5.147450671710886994e+00 5.710232651001337922e-01
2.004905089577485366e+00 1.060000000000000000e+02 1.357846295847765505e+00 4.102858264659081100e-01
7.927384307748299364e+01 1.020000000000000000e+02 8.330000000000000071e+00 0.000000000000000000e+00
5.325314301455392751e+01 1.020000000000000000e+02 7.278843075486118863e+00 5.854243123412329330e-01
3.302159929372018610e+01 1.020000000000000000e+02 6.231472214843687851e+00 6.941241860781433015e-01
1.262442930462429658e+01 1.020000000000000000e+02 4.821610074068368945e+00 5.476030778909860564e-01
1.396678286945090219e+00 1.020000000000000000e+02 8.876657107403830294e-01 4.420598378969957110e-01
7.596862251732723337e+01 9.800000000000000000e+01 8.330000000000000071e+00 0.000000000000000000e+00
5.034130803467662219e+01 9.800000000000000000e+01 7.233438342580616798e+00 5.914004709975847485e-01
3.049323267974043716e+01 9.800000000000000000e+01 6.105399360376232210e+00 6.957612215241832931e-01
1.054829714727021006e+01 9.800000000000000000e+01 4.462686900183119754e+00 5.234255665704973248e-01
1.156256213068188599e+00 9.800000000000000000e+01 4.454571344796367516e-01 5.120138664938962414e-01
7.234773898637202194e+01 9.400000000000000000e+01 8.330000000000000071e+00 0.000000000000000000e+00
4.752786719700425522e+01 9.400000000000000000e+01 7.183499272780704104e+00 5.975986324900518509e-01
2.802577421986340767e+01 9.400000000000000000e+01 5.966157344070046165e+00 6.974307020255727796e-01
8.932040103987791468e+00 9.400000000000000000e+01 4.073701189719995064e+00 4.993164979556997674e-01
1.017049946444687158e+00 9.400000000000000000e+01 8.371183439784916913e-02 6.872860129522898598e-01
