1.239908732637323396e+02 1.060000000000000000e+02 8.330000000000000071e+00 0.000000000000000000e+00
9.375559943328005374e+01 1.060000000000000000e+02 7.627630423493329204e+00 5.201234146426898519e-01
6.938811584870953197e+01 1.060000000000000000e+02 7.082723590540806136e+00 6.517041550242244075e-01
4.637598881223608771e+01 1.060000000000000000e+02 6.851297353351497144e+00 6.925642051560794155e-01
2.288423530945934203e+01 1.060000000000000000e+02 6.193743796741861374e+00 6.057535895618723076e-01
5.170533560166372666e+00 1.060000000000000000e+02 3.032824794452867678e+00 3.916034664283167266e-01
1.207031832109794891e+02 1.020000000000000000e+02 8.330000000000000071e+00 0.000000000000000000e+00
9.068605671828942150e+01 1.020000000000000000e+02 7.611830116709041860e+00 5.241376352634296021e-01
6.686360849291992281e+01 1.020000000000000000e+02 7.050895022698779435e+00 6.555581295015527887e-01
4.359301875358517719e+01 1.020000000000000000e+02 6.811227948052906100e+00 6.920904302317107959e-01
2.051522361779075965e+01 1.020000000000000000e+02 5.983100270192309722e+00 5.869956015323363197e-01
4.037467960254639721e+00 1.020000000000000000e+02 2.549098751099019733e+00 3.823357131510066731e-01
1.174428542854472965e+02 9.800000000000000000e+01 8.330000000000000071e+00 0.000000000000000000e+00
8.778464188167869509e+01 9.800000000000000000e+01 7.595038943034987611e+00 5.282670137428683299e-01
6.382520696017089534e+01 9.800000000000000000e+01 7.016372580349528043e+00 6.594066491580121703e-01
4.077512120162432296e+01 9.800000000000000000e+01 6.763641848591727346e+00 6.907665295941822770e-01
1.796344085170342808e+01 9.800000000000000000e+01 5.735330652854897515e+00 5.659111117018041925e-01
2.851247618717549948e+00 9.800000000000000000e+01 2.059590927230358304e+00 3.804679504304667725e-01
1.139454347033538397e+02 9.400000000000000000e+01 8.330000000000000071e+00 0.000000000000000000e+00
8.462770650089991875e+01 9.400000000000000000e+01 7.577149926843863348e+00 5.325157374166455959e-01
6.097307174643545835e+01 9.400000000000000000e+01 6.978758276300652597e+00 6.632292965361304971e-01
3.798992396374021752e+01 9.400000000000000000e+01 6.706632771193309139e+00 6.883945640448659864e-01
1.580919287841574672e+01 9.400000000000000000e+01 5.449071220700254514e+00 5.428934145490298402e-01
2.243574872755634164e+00 9.400000000000000000e+01 1.570028847052785226e+00 3.888283367595074536e-01
