1.907806869478442593e+02 1.060000000000000000e+02 8.330000000000000071e+00 0.000000000000000000e+00
1.555448518396931092e+02 1.060000000000000000e+02 7.825069077015088581e+00 4.583278704553614968e-01
1.278504677699187795e+02 1.060000000000000000e+02 7.446141262456933418e+00 5.845970069101805722e-01
1.026958672221006879e+02 1.060000000000000000e+02 7.192832073861831432e+00 6.515153861971574312e-01
7.821740101664920530e+01 1.060000000000000000e+02 7.104981926838878969e+00 6.785608362169045504e-01
5.298059065829778547e+01 1.060000000000000000e+02 7.102513067047125261e+00 6.691740674654889087e-01
2.838903530260915531e+01 1.060000000000000000e+02 6.643940496423249797e+00 6.044230491411628492e-01
8.049142917011559817e+00 1.060000000000000000e+02 3.981951605925349469e+00 4.139283547894118120e-01
9.421774267384621648e-01 1.060000000000000000e+02 0.000000000000000000e+00 9.767195079958643777e-01
1.874259591167182464e+02 1.020000000000000000e+02 8.330000000000000071e+00 0.000000000000000000e+00
1.527482878711456635e+02 1.020000000000000000e+02 7.818465464894336137e+00 4.607748051855585225e-01
1.248273601479487240e+02 1.020000000000000000e+02 7.434509851110438383e+00 5.874100515459049765e-01
9.982039000024163045e+01 1.020000000000000000e+02 7.181412771361460834e+00 6.539339996764830243e-01
7.529155768336201504e+01 1.020000000000000000e+02 7.098951056359323886e+00 6.796567361248796457e-01
5.026824740129102054e+01 1.020000000000000000e+02 7.086298901070484213e+00 6.672363506770194741e-01
2.578577661686437850e+01 1.020000000000000000e+02 6.492894150837907219e+00 5.902459583316567171e-01
6.432048452885557488e+00 1.020000000000000000e+02 3.521684575546386586e+00 3.958261486624083392e-01
1.840691746524053940e+02 9.800000000000000000e+01 8.330000000000000071e+00 0.000000000000000000e+00
1.493796912766981393e+02 9.800000000000000000e+01 7.811637548111328933e+00 4.632746448010978124e-01
1.219453956843475169e+02 9.800000000000000000e+01 7.422469949690714053e+00 5.902757540060825647e-01
9.677908009257006938e+01 9.800000000000000000e+01 7.169778648351652350e+00 6.563704903377461930e-01
7.258687443970565312e+01 9.800000000000000000e+01 7.092676883895123296e+00 6.806586117785857759e-01
4.760647007284102727e+01 9.800000000000000000e+01 7.065051998035528413e+00 6.647206101452395322e-01
2.310708063808151280e+01 9.800000000000000000e+01 6.309105047825744883e+00 5.736689777303237703e-01
5.219098551653563511e+00 9.800000000000000000e+01 3.044945048783817221e+00 3.820147236312744776e-01
1.809279109360354880e+02 9.400000000000000000e+01 8.330000000000000071e+00 0.000000000000000000e+00
1.464821341042399183e+02 9.400000000000000000e+01 7.804572497674620912e+00 4.658293650172172229e-01
1.190243537482458436e+02 9.400000000000000000e+01 7.409995785992715689e+00 5.931954931322007685e-01
9.415103886322373228e+01 9.400000000000000000e+01 7.157920192106430157e+00 6.588227978594617396e-01
6.955116618446612620e+01 9.400000000000000000e+01 7.086024852694949416e+00 6.815465834151841484e-01
4.484548825218580959e+01 9.400000000000000000e+01 7.037306195158876676e+00 6.614893002268470434e-01
2.049568628630927947e+01 9.400000000000000000e+01 6.089036265452138608e+00 5.547053454491450708e-01
4.010459558563058025e+00 9.400000000000000000e+01 2.557412794728028516e+00 3.738629568971079675e-01
