2.158756656328466761e+02 1.060000000000000000e+02 8.330000000000000071e+00 0.000000000000000000e+00
1.793718021570783492e+02 1.060000000000000000e+02 7.868514271251186187e+00 4.414859969214687263e-01
1.500807293081332148e+02 1.060000000000000000e+02 7.522432212332597956e+00 5.650411207684735704e-01
1.244154727449678717e+02 1.060000000000000000e+02 7.272171035909942738e+00 6.340573771004368586e-01
9.959079006181026728e+01 1.060000000000000000e+02 7.149045943259287661e+00 6.685652347705517418e-01
7.446871275668549117e+01 1.060000000000000000e+02 7.148562807689515353e+00 6.735658019219732395e-01
4.913852553254597666e+01 1.060000000000000000e+02 7.125479425052945182e+00 6.550607126487223431e-01
2.438529534656697706e+01 1.060000000000000000e+02 6.425812630324589492e+00 5.764122068667086873e-01
5.739308209869168564e+00 1.060000000000000000e+02 3.291944839576661064e+00 3.869657313701490575e-01
2.123860537841913754e+02 1.020000000000000000e+02 8.330000000000000071e+00 0.000000000000000000e+00
1.760052471552045290e+02 1.020000000000000000e+02 7.863268040379535861e+00 4.435904244823867804e-01
1.473744021536574849e+02 1.020000000000000000e+02 7.513236046250373334e+00 5.675019393203594165e-01
1.216885076844209124e+02 1.020000000000000000e+02 7.262205570398283960e+00 6.363107195854991183e-01
9.660193259149308176e+01 1.020000000000000000e+02 7.143037759852634672e+00 6.700141812822640874e-01
7.168336777559659367e+01 1.020000000000000000e+02 7.146049154979694507e+00 6.736013304676492508e-01
4.649522789949526214e+01 1.020000000000000000e+02 7.101112999322568342e+00 6.520387947311465648e-01
2.193513527399914054e+01 1.020000000000000000e+02 6.222889431729427656e+00 5.588866267495339324e-01
4.388725413812977649e+00 1.020000000000000000e+02 2.808652301694130937e+00 3.759362622528285569e-01
2.088594146996018424e+02 9.800000000000000000e+01 8.330000000000000071e+00 0.000000000000000000e+00
1.729439924000195958e+02 9.800000000000000000e+01 7.857868450125714332e+00 4.457356085495369213e-01
1.442573395236971692e+02 9.800000000000000000e+01 7.503767252269938126e+00 5.700055768537309886e-01
1.186796824031973614e+02 9.800000000000000000e+01 7.252057019022902118e+00 6.385875584637789038e-01
9.389646258863727724e+01 9.800000000000000000e+01 7.137096152031961793e+00 6.714379895330199188e-01
6.904298380045963768e+01 9.800000000000000000e+01 7.143008057661863752e+00 6.735076852028151206e-01
4.351085603977222149e+01 9.800000000000000000e+01 7.069184587975239076e+00 6.482603123795971367e-01
1.926127726039982235e+01 9.800000000000000000e+01 5.982159804785533552e+00 5.390657508228323680e-01
3.612102055842357995e+00 9.800000000000000000e+01 2.317350179451453940e+00 3.713610827946425275e-01
2.057703526579744562e+02 9.400000000000000000e+01 8.330000000000000071e+00 0.000000000000000000e+00
1.698441224964931280e+02 9.400000000000000000e+01 7.852308061350666613e+00 4.479229319289650402e-01
1.413239717220745035e+02 9.400000000000000000e+01 7.494012037478952948e+00 5.725532497569295609e-01
1.157262764356938760e+02 9.400000000000000000e+01 7.241722585788574307e+00 6.408877070950566024e-01
9.090745938209884969e+01 9.400000000000000000e+01 7.131215443468976289e+00 6.728320318521465726e-01
6.596431352900305001e+01 9.400000000000000000e+01 7.139212375010150602e+00 6.732600201776196558e-01
4.078036643641802073e+01 9.400000000000000000e+01 7.027648299432843970e+00 6.435441569560189645e-01
1.688665309502018630e+01 9.400000000000000000e+01 5.701764579675886679e+00 5.172622963346129588e-01
2.473113674737199119e+00 9.400000000000000000e+01 1.823540225591485431e+00 3.754231288062562788e-01
